1.000000000000000021e-08 4.559103116141827172e-06
1.016265089392995110e-08 4.655276922727047406e-06
1.032794731918952445e-08 4.621881212529821426e-06
1.049593230558226649e-08 4.166725810161864274e-06
1.066664958279538736e-08 4.290019945729639517e-06
1.084014359178330982e-08 4.795810500612951444e-06
1.101645949633656934e-08 4.950923889524005972e-06
1.119564319483879355e-08 4.985364835174976861e-06
1.137774133221490262e-08 5.013092396088936198e-06
1.156280131207375345e-08 5.064586250047575788e-06
1.175087130904807623e-08 5.007660331179941693e-06
1.194200028133532503e-08 4.886178143204134017e-06
1.213623798344241837e-08 5.124499040776164804e-06
1.233363497913774651e-08 5.257281734061258760e-06
1.253424265461399562e-08 5.522527608659011378e-06
1.273811323186478490e-08 5.555195672579671395e-06
1.294529978227915991e-08 5.392070470677801097e-06
1.315585624045705234e-08 5.488220254590281399e-06
1.336983741824945163e-08 5.566495331010834491e-06
1.358729901902709187e-08 5.976343007252360451e-06
1.380829765218092295e-08 5.911115405710098969e-06
1.403289084785873192e-08 5.906282375400806472e-06
1.426113707194129758e-08 6.160492200590894640e-06
1.449309574126215144e-08 6.222979476055989778e-06
1.472882723907501811e-08 6.433610938993972184e-06
1.496839293077255471e-08 6.379393481803496968e-06
1.521185517986104820e-08 6.445892853257362276e-06
1.545927736419478449e-08 6.557566609499687615e-06
1.571072389247448998e-08 6.672038429522686442e-06
1.596626022101425121e-08 6.757638412180355658e-06
1.622595287078086962e-08 6.899111864133722349e-06
1.648986944471064949e-08 7.001376712501006239e-06
1.675807864530768860e-08 7.182261336668993579e-06
1.703065029252842640e-08 7.273109396077614974e-06
1.730765534195724054e-08 7.492339115344748279e-06
1.758916590327732712e-08 7.567498291005669842e-06
1.787525525904235371e-08 7.707183003358153428e-06
1.816599788375328570e-08 7.652608889019418825e-06
1.846146946324545845e-08 7.912957825317867844e-06
1.876174691439119556e-08 7.967027638056123351e-06
1.906690840512251962e-08 8.234531383655152581e-06
1.937703337477988794e-08 8.330738441975071851e-06
1.969220255479173433e-08 8.340649196525440345e-06
2.001249798969034913e-08 8.475635889459987027e-06
2.033800305846979844e-08 8.636618010982033411e-06
2.066880249629081913e-08 8.899446195642646273e-06
2.100498241653915160e-08 8.994701432452067991e-06
2.134663033324245531e-08 9.148337237085968354e-06
2.169383518385182241e-08 9.328513198347820889e-06
2.204668735239407667e-08 9.398656991010945205e-06
2.240527869300018155e-08 9.580195893033049970e-06
2.276970255381679834e-08 9.679961574637907518e-06
2.314005380130653974e-08 9.831802621484975191e-06
2.351642884494350993e-08 1.004002429616512870e-05
2.389892566231047717e-08 1.024991317799539559e-05
2.428764382460450497e-08 1.037143247950567115e-05
2.468268452255692455e-08 1.050031239968607366e-05
2.508415059277541100e-08 1.074526117705865147e-05
2.549214654451425775e-08 1.085752611407198032e-05
2.590677858688006237e-08 1.106963026187290922e-05
2.632815465648019883e-08 1.126974832144078675e-05
2.675638444552045216e-08 1.140606805105637278e-05
2.719157943036018985e-08 1.164409037934799329e-05
2.763385290053172716e-08 1.178038021254490531e-05
2.808331998823169829e-08 1.202895798813052863e-05
2.854009769829237414e-08 1.215003864285524315e-05
2.900430493863991500e-08 1.235000737798142012e-05
2.947606255124858740e-08 1.260967746175012394e-05
2.995549334359816154e-08 1.280004547488111655e-05
3.044272212064299607e-08 1.297792426524502218e-05
3.093787571730136651e-08 1.324131380775472877e-05
3.144108303147264744e-08 1.345299166710667294e-05
3.195247505759213554e-08 1.362292897777450662e-05
3.247218492073131890e-08 1.388639782773370968e-05
3.300034791125282055e-08 1.410107137944649480e-05
3.353710152002928723e-08 1.433293406238878021e-05
3.408258547423452176e-08 1.454352654417512269e-05
3.463694177371734093e-08 1.481564245742195141e-05
3.520031472796682789e-08 1.505062028539505548e-05
3.577285099367869991e-08 1.529153409918215800e-05
3.635469961293318112e-08 1.554060252528799424e-05
3.694601205199302233e-08 1.579447103983167011e-05
3.754694224073336784e-08 1.601020106312134317e-05
3.815764661271252174e-08 1.630844707867229459e-05
3.877828414589453252e-08 1.657687646694494532e-05
3.940901640403447515e-08 1.682142239090023139e-05
4.005000757873611176e-08 1.710977980984296209e-05
4.070142453219439185e-08 1.736404126162494066e-05
4.136343684063277745e-08 1.765293048905380857e-05
4.203621683844717915e-08 1.793271064776114088e-05
4.271993966306776573e-08 1.823725550365029591e-05
4.341478330055092286e-08 1.852294503412732496e-05
4.412092863191190232e-08 1.885449180549780834e-05
4.483855948021190636e-08 1.913402709596834228e-05
4.556786265841068465e-08 1.944978079992942810e-05
4.630902801799736922e-08 1.977631902261300922e-05
4.706224849841281539e-08 2.008137569053936033e-05
4.782772017727485049e-08 2.042242929867210677e-05
4.860564232142138588e-08 2.074155355524798239e-05
4.939621743878325726e-08 2.108490787389172283e-05
5.019965133110078918e-08 2.143979024404885081e-05
5.101615314749833786e-08 2.178294371879552216e-05
5.184593543892912712e-08 2.214355290830472001e-05
5.268921421350676915e-08 2.250435485107171729e-05
5.354620899273612896e-08 2.287058742933556488e-05
5.441714286865887210e-08 2.323894941158588523e-05
5.530224256192900145e-08 2.360475685603269369e-05
5.620173848083188292e-08 2.400207799213571747e-05
5.711586478126434916e-08 2.438020854178546415e-05
5.804485942768983740e-08 2.478983894738107097e-05
5.898896425508493303e-08 2.519351684615589448e-05
5.994842503189409424e-08 2.558540947050769176e-05
6.092349152400711584e-08 2.601931708257065878e-05
6.191441755977847689e-08 2.643853809425333878e-05
6.292146109610350070e-08 2.686493291148561724e-05
6.394488428556936010e-08 2.729295655257146791e-05
6.498495354469888085e-08 2.774995896115406424e-05
6.604193962330305823e-08 2.820203767450735199e-05
6.711611767496286717e-08 2.865148221242730386e-05
6.820776732865692255e-08 2.911723261989074274e-05
6.931717276155400840e-08 2.959756036557958936e-05
7.044462277299036794e-08 3.007807372179538419e-05
7.159041085964888045e-08 3.056430483761030104e-05
7.275483529196231984e-08 3.105668393854621456e-05
7.393819919175873408e-08 3.157160906230860320e-05
7.514081061116961850e-08 3.207745161515340726e-05
7.636298261282241588e-08 3.260585158160189678e-05
7.760503335133571367e-08 3.313152747264069831e-05
7.886728615614155644e-08 3.367644357199495175e-05
8.015006961565413044e-08 3.422319685297825487e-05
8.145371766280737258e-08 3.477479187707910313e-05
8.277856966198471773e-08 3.533852626536049257e-05
8.412497049736118078e-08 3.592052625900343799e-05
8.549327066268384629e-08 3.650246517594712969e-05
8.688382635251192821e-08 3.708959947978929250e-05
8.829699955494083135e-08 3.770026417648786321e-05
8.973315814583520204e-08 3.831083381222732953e-05
9.119267598459297759e-08 3.893587782033414157e-05
9.267593301146883668e-08 3.956462604770560887e-05
9.418331534647960283e-08 4.021395461561994011e-05
9.571521538991856055e-08 4.086173989759078751e-05
9.727203192450536562e-08 4.153140236096142246e-05
9.885417021919572961e-08 4.220398492904564591e-05
1.004620421346813191e-07 4.289381512623258175e-05
1.020960662306047507e-07 4.358669956927574418e-05
1.037566678745184818e-07 4.429840657516059821e-05
1.054442793526168454e-07 4.501606889151243962e-05
1.071593399822671165e-07 4.574946007229740985e-05
1.089022962263730555e-07 4.649403644507721367e-05
1.106736018095974501e-07 4.725112670689313177e-05
1.124737178364750763e-07 4.801759644579295383e-05
1.143031129114478678e-07 4.880102151150200740e-05
1.161622632608501812e-07 4.959409296489969421e-05
1.180516528568805511e-07 5.039885473079319667e-05
1.199717735435885631e-07 5.121868109592142559e-05
1.219231251649109383e-07 5.204963963678643779e-05
1.239062156947915701e-07 5.290022154647022745e-05
1.259215613694151061e-07 5.375965925769055076e-05
1.279696868215941652e-07 5.463399034355553852e-05
1.300511252173409858e-07 5.552100853989383467e-05
1.321664183946603918e-07 5.642623384505274231e-05
1.343161170046015304e-07 5.734294153647567782e-05
1.365007806546013903e-07 5.827622963872070017e-05
1.387209780541621071e-07 5.922329892094069237e-05
1.409772871628967586e-07 6.018354357151256551e-05
1.432702953409829562e-07 6.116280952117580938e-05
1.456005995020648655e-07 6.215766255868171442e-05
1.479688062686396267e-07 6.316970700570578856e-05
1.503755321299738365e-07 6.419547072089581974e-05
1.528214036025870954e-07 6.523984887329969951e-05
1.553070573933458456e-07 6.630291041975766575e-05
1.578331405652116518e-07 6.738044600729242717e-05
1.604003107056819881e-07 6.847641982377083991e-05
1.630092360979741138e-07 6.958909373455668401e-05
1.656605958949915327e-07 7.072056853585362290e-05
1.683550802961200715e-07 7.187139340558701406e-05
1.710933907269013290e-07 7.304108324146518783e-05
1.738762400216250540e-07 7.422730155315360179e-05
1.767043526088946617e-07 7.543402188281422838e-05
1.795784647002096697e-07 7.666157093244585496e-05
1.824993244816150550e-07 7.790852330191722075e-05
1.854676923084697568e-07 7.917585297112506026e-05
1.884843409033795357e-07 8.046378612480697967e-05
1.915500555573527936e-07 8.177150524690812716e-05
1.946656343342263367e-07 8.310177652359751477e-05
1.978318882784162208e-07 8.445245069033102681e-05
2.010496416260497127e-07 8.582617732300068525e-05
2.043197320195270474e-07 8.722175389430653070e-05
2.076430107255774870e-07 8.863946020443158602e-05
2.110203428568596572e-07 9.008091080198177281e-05
2.144526075971665378e-07 9.154689023305184747e-05
2.179406984302953533e-07 9.303441265806622340e-05
2.214855233726359380e-07 9.454815828102702824e-05
2.250880052095461857e-07 9.608541836303441386e-05
2.287490817355704078e-07 9.764757098229548404e-05
2.324697059985645525e-07 9.923579483650524224e-05
2.362508465477945104e-07 1.008487876312802456e-04
2.400934876860651595e-07 1.024888305694027224e-04
2.439986297259550047e-07 1.041552409722923400e-04
2.479672892502159966e-07 1.058489469465406785e-04
2.520004993764089383e-07 1.075711603402140781e-04
2.560993100258456838e-07 1.093201717314862265e-04
2.602647881969004651e-07 1.110976130456187150e-04
2.644980182427720070e-07 1.129039170998380470e-04
2.688001021537607504e-07 1.147403083255893463e-04
2.731721598441373654e-07 1.166053849399606435e-04
2.776153294436797922e-07 1.185016752820455821e-04
2.821307675939470486e-07 1.204286327728398831e-04
2.867196497493769966e-07 1.223868604118827363e-04
2.913831704832788474e-07 1.243769289882568074e-04
2.961225437988031500e-07 1.263992824775961310e-04
3.009390034449724303e-07 1.284548271263119545e-04
3.058338032378431566e-07 1.305435380178909810e-04
3.108082173869063920e-07 1.326658343985265276e-04
3.158635408267819256e-07 1.348229862676575408e-04
3.210010895543168453e-07 1.370153821339537004e-04
3.262222009711673251e-07 1.392428809141588175e-04
3.315282342319423480e-07 1.415072660507776803e-04
3.369205705980267328e-07 1.438077618921562717e-04
3.424006137971425436e-07 1.461463070184798596e-04
3.479697903887687909e-07 1.485226845341358626e-04
3.536295501355046578e-07 1.509371601372544447e-04
3.593813663804625413e-07 1.533913747630011315e-04
3.652267364308175408e-07 1.558852832366230956e-04
3.711671819475767101e-07 1.584199077767634023e-04
3.772042493416993616e-07 1.609959359082369090e-04
3.833395101766605394e-07 1.636132296162218225e-04
3.895745615775500918e-07 1.662732930726162905e-04
3.959110266468458876e-07 1.689770448636274125e-04
4.023505548869293084e-07 1.717243218106734304e-04
4.088948226294864306e-07 1.745161601820477415e-04
4.155455334718879651e-07 1.773535176281537673e-04
4.223044187206672270e-07 1.802367399799109648e-04
4.291732378422157257e-07 1.831671761801656473e-04
4.361537789208005614e-07 1.861449559881211968e-04
4.432478591240400518e-07 1.891712869487305326e-04
4.504573251759462753e-07 1.922467498107760520e-04
4.577840538376616380e-07 1.953724681826862764e-04
4.652299523960189011e-07 1.985487754816439576e-04
4.727969591600390720e-07 2.017766063160397749e-04
4.804870439655133784e-07 2.050568926599272146e-04
4.883022086877884378e-07 2.083904611535070117e-04
4.962444877628913673e-07 2.117783940286388500e-04
5.043159487171359161e-07 2.152211846931928463e-04
5.125186927053332351e-07 2.187199041320253556e-04
5.208548550577665794e-07 2.222754585127217908e-04
5.293266058360566796e-07 2.258888686798021794e-04
5.379361503980697196e-07 2.295610016939120257e-04
5.466857299720180573e-07 2.332928890006469302e-04
5.555776222398877301e-07 2.370852006449153393e-04
5.646141419303672361e-07 2.409393679870808214e-04
5.737976414214139612e-07 2.448560267185317940e-04
5.831305113526218361e-07 2.488361712102982182e-04
5.926151812475552896e-07 2.528811670823305491e-04
6.022541201461927509e-07 2.569917196054705144e-04
6.120498372476702854e-07 2.611691467098165020e-04
6.220048825634717926e-07 2.654145520628592436e-04
6.321218475812448096e-07 2.697287223061284323e-04
6.424033659394190549e-07 2.741130452381668192e-04
6.528521141127847315e-07 2.785686662155617555e-04
6.634708121092350418e-07 2.830964634065180618e-04
6.742622241778349095e-07 2.876980463135669908e-04
6.852291595284057501e-07 2.923742430869236131e-04
6.963744730628222709e-07 2.971263313804595185e-04
7.077010661181889092e-07 3.019557444090548159e-04
7.192118872221193113e-07 3.068635095203608998e-04
7.309099328602918614e-07 3.118510028977672377e-04
7.427982482564911104e-07 3.169195695862381257e-04
7.548799281653431580e-07 3.220703390669488186e-04
7.671581176779302778e-07 3.273047518238536568e-04
7.796360130405236458e-07 3.326242874884810519e-04
7.923168624866261349e-07 3.380300831005156326e-04
8.052039670825469881e-07 3.435237702922311342e-04
8.183006815867389787e-07 3.491065620895295041e-04
8.316104153230961550e-07 3.547800733556538688e-04
8.451366330684722093e-07 3.605457064027595138e-04
8.588828559546258306e-07 3.664049755593978830e-04
8.728526623848370902e-07 3.723593999711560798e-04
8.870496889654402904e-07 3.784104319725090093e-04
9.014776314524917028e-07 3.845597549291257522e-04
9.161402457138521424e-07 3.908089170696626979e-04
9.310413487069085223e-07 3.971594922855814502e-04
9.461848194721991931e-07 4.036131441002011044e-04
9.615746001432095654e-07 4.101716410127576040e-04
9.772146969725724298e-07 4.168365514309879671e-04
9.931091813749800272e-07 4.236096617276086107e-04
1.009262190987048422e-06 4.304927457112750488e-04
1.025677930744420800e-06 4.374875196793137633e-04
1.042360673976401061e-06 4.445958558280116435e-04
1.059314763518370023e-06 4.518195292004811847e-04
1.076544612842315852e-06 4.591605008726906689e-04
1.094054707205743622e-06 4.666205398580203223e-04
1.111849604819269788e-06 4.742017235935813702e-04
1.129933938033221742e-06 4.819058733119829796e-04
1.148312414543511196e-06 4.897350802419708771e-04
1.166989818617147488e-06 4.976913668554017178e-04
1.185971012337670574e-06 5.057766804072993949e-04
1.205260936870841443e-06 5.139932543134495546e-04
1.224864613750930682e-06 5.223430944412132959e-04
1.244787146187906095e-06 5.308284327852907936e-04
1.265033720395903716e-06 5.394514383988413542e-04
1.285609606943296477e-06 5.482143485424639806e-04
1.306520162124719865e-06 5.571194111749777633e-04
1.327770829355428974e-06 5.661689314201412415e-04
1.349367140588306489e-06 5.753652428936995022e-04
1.371314717753945535e-06 5.847106878158481180e-04
1.393619274224143468e-06 5.942077850865645772e-04
1.416286616299197281e-06 6.038588703414227155e-04
1.439322644719406585e-06 6.136664864282437293e-04
1.462733356201129952e-06 6.236331659721372489e-04
1.486524844997857111e-06 6.337614952056647155e-04
1.510703304486655702e-06 6.440540418418683188e-04
1.535275028780421201e-06 6.545134989939249692e-04
1.560246414366371105e-06 6.651425387190768035e-04
1.585623961771137209e-06 6.759439158747770904e-04
1.611414277253019916e-06 6.869204215248503331e-04
1.637624074521688946e-06 6.980748896628918843e-04
1.664260176485901778e-06 7.094101747975312122e-04
1.691329517029650428e-06 7.209291974984433082e-04
1.718839142817145670e-06 7.326349417269284459e-04
1.746796215127245610e-06 7.445304257975848827e-04
1.775208011717636075e-06 7.566187136122115575e-04
1.804081928719380951e-06 7.689029075267361790e-04
1.833425482562292654e-06 7.813861687790968347e-04
1.863246311931559818e-06 7.940717194637736398e-04
1.893552179756295206e-06 8.069628291401675924e-04
1.924350975230332279e-06 8.200628086922900906e-04
1.955650715865946999e-06 8.333750482593105247e-04
1.987459549580985976e-06 8.469029368215474918e-04
2.019785756819878467e-06 8.606499695822389384e-04
2.052637752709252226e-06 8.746196953727247703e-04
2.086024089248504694e-06 8.888157019539821846e-04
2.119953457536069015e-06 9.032416266765430635e-04
2.154434690031886471e-06 9.179011818672977441e-04
2.189476762856620668e-06 9.327981461312306877e-04
2.225088798128369440e-06 9.479363394830908618e-04
2.261280066337279372e-06 9.633196371345853493e-04
2.298059988758848964e-06 9.789520156696651654e-04
2.335438139906481616e-06 9.948374701660434027e-04
2.373424250023866098e-06 1.010980070823785937e-03
2.412028207618006978e-06 1.027383988360885958e-03
2.451260062033339965e-06 1.044053414908652222e-03
2.491130026067785964e-06 1.060992622632705995e-03
2.531648478631357950e-06 1.078205964763712110e-03
2.572825967447932223e-06 1.095697856423161198e-03
2.614673211801092052e-06 1.113472773237700331e-03
2.657201105324506616e-06 1.131535275980977140e-03
2.700420718837769789e-06 1.149889982090090967e-03
2.744343303228368328e-06 1.168541607820650086e-03
2.788980292380439744e-06 1.187494921892073840e-03
2.834343306151309184e-06 1.206754777019480862e-03
2.880444153396297871e-06 1.226326105535302524e-03
2.927294835042813193e-06 1.246213904692261565e-03
2.974907547214443381e-06 1.266423273119987591e-03
3.023294684405776334e-06 1.286959376880614236e-03
3.072468842709003493e-06 1.307827460683697041e-03
3.122442823092858074e-06 1.329032859374468245e-03
3.173229634734973124e-06 1.350580993821015596e-03
3.224842498408445454e-06 1.372477369297686600e-03
3.277294849923382168e-06 1.394727569145826074e-03
3.330600343624588548e-06 1.417337279965069641e-03
3.384772855945982993e-06 1.440312269714860705e-03
3.439826489022921063e-06 1.463658398224265689e-03
3.495775574363278632e-06 1.487381617356842156e-03
3.552634676578139464e-06 1.511487971695646415e-03
3.610418597173337456e-06 1.535983618150993379e-03
3.669142378402493899e-06 1.560874780917820281e-03
3.728821307182830034e-06 1.586167804904059508e-03
3.789470919074671417e-06 1.611869132101095836e-03
3.851107002325569028e-06 1.637985299334787648e-03
3.913745601980383925e-06 1.664522949060720514e-03
3.977403024058036353e-06 1.691488834492549387e-03
4.042095839796302090e-06 1.718889805409351546e-03
4.107840889965650877e-06 1.746732824177699150e-03
4.174655289253134888e-06 1.775024962522242511e-03
4.242556430717776958e-06 1.803773406021336179e-03
4.311561990318228494e-06 1.832985450710311603e-03
4.381689931514185333e-06 1.862668505092091031e-03
4.452958509942660131e-06 1.892830093730091257e-03
4.525386278170166693e-06 1.923477866464406993e-03
4.598992090522438309e-06 1.954619582118288790e-03
4.673795107992463609e-06 1.986263132787491337e-03
4.749814803228495024e-06 2.018416525818356178e-03
4.827070965603187770e-06 2.051087896946635070e-03
4.905583706365045857e-06 2.084285506479655048e-03
4.985373463873893773e-06 2.118017748901412922e-03
5.066461008921268308e-06 2.152293146063466445e-03
5.148867450137487247e-06 2.187120351128113427e-03
5.232614239486667200e-06 2.222508159666847227e-03
5.317723177850966182e-06 2.258465493263916990e-03
5.404216420705915271e-06 2.295001423358145054e-03
5.492116483887788865e-06 2.332125154066333472e-03
5.581446249454954941e-06 2.369846039110279357e-03
5.672228971644549552e-06 2.408173576018635131e-03
5.764488282925873171e-06 2.447117404859255885e-03
5.858248200152535830e-06 2.486687319510294536e-03
5.953533130814370033e-06 2.526893267528862452e-03
6.050367879391212089e-06 2.567745348691752305e-03
6.148777653810029084e-06 2.609253815129664034e-03
6.248788072006888211e-06 2.651429084498446720e-03
6.350425168595962254e-06 2.694281730255876361e-03
6.453715401646702034e-06 2.737822491235997191e-03
6.558685659571422142e-06 2.782062270860863329e-03
6.665363268124920326e-06 2.827012143844842562e-03
6.773775997517744987e-06 2.872683351003879615e-03
6.883952069645496021e-06 2.919087307999390646e-03
6.995920165435374508e-06 2.966235607969602839e-03
7.109709432312424079e-06 3.014140019413025229e-03
7.225349491787221566e-06 3.062812490932764753e-03
7.342870447166757580e-06 3.112265156159810253e-03
7.462302891391107415e-06 3.162510334164148063e-03
7.583677914997190766e-06 3.213560532445813855e-03
7.707027114212287592e-06 3.265428449451435178e-03
7.832382599179204906e-06 3.318126977319701965e-03
7.959777002314978321e-06 3.371669203427796191e-03
8.089243486805938269e-06 3.426068418358352297e-03
8.220815755240541055e-06 3.481338110858711588e-03
8.354528058382854806e-06 3.537491976860596132e-03
8.490415204088755231e-06 3.594543918844839148e-03
8.628512566366886081e-06 3.652508052290448504e-03
8.768856094587426870e-06 3.711398704504209611e-03
8.911482322840200959e-06 3.771230419788773602e-03
9.056428379445293633e-06 3.832017963372624791e-03
9.203731996618229962e-06 3.893776321536757123e-03
9.353431520292377225e-06 3.956520707639077372e-03
9.505565920101190930e-06 4.020266564130126064e-03
9.660174799522645609e-06 4.085029564483533271e-03
9.817298406188840434e-06 4.150825619652298570e-03
9.976977642363212323e-06 4.217670875953705156e-03
1.013925407558814327e-05 4.285581723613374194e-03
1.030416994950587402e-05 4.354574798007049274e-03
1.047176819485520245e-05 4.424666981905134300e-03
1.064209244064724650e-05 4.495875409499472397e-03
1.081518702552289214e-05 4.568217471240698657e-03
1.099109700929496075e-05 4.641710815384558764e-03
1.116986818467822625e-05 4.716373352266822749e-03
1.135154708920999101e-05 4.792223256750882676e-03
1.153618101736478473e-05 4.869278973506752095e-03
1.172381803286599682e-05 4.947559219275809994e-03
1.191450698119774729e-05 5.027082986993391955e-03
1.210829750232039467e-05 5.107869549160981570e-03
1.230524004359261647e-05 5.189938460679610621e-03
1.250538587290391306e-05 5.273309564430617158e-03
1.270878709202059429e-05 5.358002992929211672e-03
1.291549665014882683e-05 5.444039173608139492e-03
1.312556835771842841e-05 5.531438832031554398e-03
1.333905690039058705e-05 5.620222994395573934e-03
1.355601785329368979e-05 5.710412994193392322e-03
1.377650769549055046e-05 5.802030473135655342e-03
1.400058382468096031e-05 5.895097387085601603e-03
1.422830457214351858e-05 5.989636008176701942e-03
1.445972921792019565e-05 6.085668930973286983e-03
1.469491800624817218e-05 6.183219073790158227e-03
1.493393216124253386e-05 6.282309685055498250e-03
1.517683390283403825e-05 6.382964346264952127e-03
1.542368646296627532e-05 6.485206975383239758e-03
1.567455410205594862e-05 6.589061831799525315e-03
1.592950212572123044e-05 6.694553520706580940e-03
1.618859690178199096e-05 6.801706996252043780e-03
1.645190587753660725e-05 6.910547565704416861e-03
1.671949759731991612e-05 7.021100894555765137e-03
1.699144172034626135e-05 7.133393009877253554e-03
1.726780903884356100e-05 7.247450304787350639e-03
1.754867149648151891e-05 7.363299542068935111e-03
1.783410220710006182e-05 7.480967859999188008e-03
1.812417547374239337e-05 7.600482774165584487e-03
1.841896680799710997e-05 7.721872184122680061e-03
1.871855294965579252e-05 7.845164375660074185e-03
1.902301188668945850e-05 7.970388026921071400e-03
1.933242287555043403e-05 8.097572210806092130e-03
1.964686646180448403e-05 8.226746400605500220e-03
1.996642450109793374e-05 8.357940474054692537e-03
2.029118018046678154e-05 8.491184717267397097e-03
2.062121803999144521e-05 8.626509829242623439e-03
2.095662399480430758e-05 8.763946926142796023e-03
2.129748535745523187e-05 8.903527545892742090e-03
2.164389086064020347e-05 9.045283651872404462e-03
2.199593068030074845e-05 9.189247638007658203e-03
2.235369645909796436e-05 9.335452332381088958e-03
2.271728133026902697e-05 9.483931001911249936e-03
2.308677994187171946e-05 9.634717356554745038e-03
2.346228848142262524e-05 9.787845553810070598e-03
2.384390470093720405e-05 9.943350202372025493e-03
2.423172794237600676e-05 1.010126636725128257e-02
2.462585916350544169e-05 1.026162957301079981e-02
2.502640096417921810e-05 1.042447580886585179e-02
2.543345761304648090e-05 1.058984153245812188e-02
2.584713507469563873e-05 1.075776367419933877e-02
2.626754103723838489e-05 1.092827964115250516e-02
2.669478494034318111e-05 1.110142732119101527e-02
2.712897800372469909e-05 1.127724508745686638e-02
2.757023325609582679e-05 1.145577180181056587e-02
2.801866556459195316e-05 1.163704681945376684e-02
2.847439166467247799e-05 1.182110999233643156e-02
2.893753019050947418e-05 1.200800167341453673e-02
2.940820170587066820e-05 1.219776272024475361e-02
2.988652873550382686e-05 1.239043449914256634e-02
3.037263579703311443e-05 1.258605888851638266e-02
3.086664943337274645e-05 1.278467828297358277e-02
3.136869824566873116e-05 1.298633559656525716e-02
3.187891292677648815e-05 1.319107426663024274e-02
3.239742629528195378e-05 1.339893825702653807e-02
3.292437333007768632e-05 1.360997206179481722e-02
3.345989120549975091e-05 1.382422070843181139e-02
3.400411932703702948e-05 1.404172976083184476e-02
3.455719936762143251e-05 1.426254532286186372e-02
3.511927530450727994e-05 1.448671404119084016e-02
3.569049345675229896e-05 1.471428310826050634e-02
3.627100252330647985e-05 1.494530026511942111e-02
3.686095362172154264e-05 1.517981380436228545e-02
3.746050032748996612e-05 1.541787257245730292e-02
3.806979871402284228e-05 1.565952597247965983e-02
3.868900739327975645e-05 1.590482396651615726e-02
3.931828755705769966e-05 1.615381707779151021e-02
3.995780301895265397e-05 1.640655639284493983e-02
4.060772025700369657e-05 1.666309356356265869e-02
4.126820845702951608e-05 1.692348080890926365e-02
4.193943955667186254e-05 1.718777091682432978e-02
4.262158829015324943e-05 1.745601724543599520e-02
4.331483223376393757e-05 1.772827372480700880e-02
4.401935185208879207e-05 1.800459485767880174e-02
4.473533054498463085e-05 1.828503572098194585e-02
4.546295469532399562e-05 1.856965196621496172e-02
4.620241371751313139e-05 1.885849982042564488e-02
4.695390010680053220e-05 1.915163608644121496e-02
4.771760948938750521e-05 1.944911814318450727e-02
4.849374067335233355e-05 1.975100394579354379e-02
4.928249570040513461e-05 2.005735202521996552e-02
5.008407989848212116e-05 2.036822148808314914e-02
5.089870193519674814e-05 2.068367201575727066e-02
5.172657387216024049e-05 2.100376386372615478e-02
5.256791122018419400e-05 2.132855786029663747e-02
5.342293299538352475e-05 2.165811540524387180e-02
5.429186177618943007e-05 2.199249846822515231e-02
5.517492376129117199e-05 2.233176958674287782e-02
5.607234882852038467e-05 2.267599186411628498e-02
5.698437059469136365e-05 2.302522896679837228e-02
5.791122647641758420e-05 2.337954512180573374e-02
5.885315775191450485e-05 2.373900511344440023e-02
5.981040962380931695e-05 2.410367428008342028e-02
6.078323128297236501e-05 2.447361851030993574e-02
6.177187597338488134e-05 2.484890423897401224e-02
6.277660105806499695e-05 2.522959844284555775e-02
6.379766808606282991e-05 2.561576863578496344e-02
6.483534286054713498e-05 2.600748286377674301e-02
6.588989550799956058e-05 2.640480969945901979e-02
6.696160054853215278e-05 2.680781823632527594e-02
6.805073696735206717e-05 2.721657808254263067e-02
6.915758828738525219e-05 2.763115935442350679e-02
7.028244264308337646e-05 2.805163266940524647e-02
7.142559285543133394e-05 2.847806913874240120e-02
7.258733650817245705e-05 2.891054035969831126e-02
7.376797602527730984e-05 2.934911840732457033e-02
7.496781874966877322e-05 2.979387582592940564e-02
7.618717702322983626e-05 3.024488561988403212e-02
7.742636826811278249e-05 3.070222124420685095e-02
7.868571506936843291e-05 3.116595659451970590e-02
7.996554525892345903e-05 3.163616599670837637e-02
8.126619200091945365e-05 3.211292419590205949e-02
8.258799387844254533e-05 3.259630634520715997e-02
8.393129498166373591e-05 3.308638799373875283e-02
8.529644499741016815e-05 3.358324507429677475e-02
8.668379930019773523e-05 3.408695389050830915e-02
8.809371904473991286e-05 3.459759110338544996e-02
8.952657125996382206e-05 3.511523371749325495e-02
9.098272894455568119e-05 3.563995906647132728e-02
9.246257116405733111e-05 3.617184479807378228e-02
9.396648314954690162e-05 3.671096885867808357e-02
9.549485639791966557e-05 3.725740947725575403e-02
9.704808877380307014e-05 3.781124514870537467e-02
9.862658461312830713e-05 3.837255461675992407e-02
1.002307548283864352e-04 3.894141685619623150e-02
1.018610170155975281e-04 3.951791105457946873e-02
1.035177955630176228e-04 4.010211659335150003e-02
1.052015217616159118e-04 4.069411302838932265e-02
1.069126339173477141e-04 4.129398006995543824e-02
1.086515774652537295e-04 4.190179756206169337e-02
1.104188050854160164e-04 4.251764546124270350e-02
1.122147768207980290e-04 4.314160381469966943e-02
1.140399601970033122e-04 4.377375273790773402e-02
1.158948303439811801e-04 4.441417239155476260e-02
1.177798701197118084e-04 4.506294295791557492e-02
1.196955702359042841e-04 4.572014461658946427e-02
1.216424293857368039e-04 4.638585751966317616e-02
1.236209543736769146e-04 4.706016176621863334e-02
1.256316602474121533e-04 4.774313737627311482e-02
1.276750704319264313e-04 4.843486426408938339e-02
1.297517168657586742e-04 4.913542221087419115e-02
1.318621401394748458e-04 4.984489083688747879e-02
1.340068896363950598e-04 5.056334957291785948e-02
1.361865236756082756e-04 5.129087763118922449e-02
1.384016096573130147e-04 5.202755397563629813e-02
1.406527242105236439e-04 5.277345729161375676e-02
1.429404533431761061e-04 5.352866595499405911e-02
1.452653925946781202e-04 5.429325800069495500e-02
1.476281471909391145e-04 5.506731109061191454e-02
1.500293322019216613e-04 5.585090248099711108e-02
1.524695727017572945e-04 5.664410898927085825e-02
1.549495039314631646e-04 5.744700696025872855e-02
1.574697714643086743e-04 5.825967223190275934e-02
1.600310313738701764e-04 5.908218010043564394e-02
1.626339504048190531e-04 5.991460528501124649e-02
1.652792061464893926e-04 6.075702189184417623e-02
1.679674872092653225e-04 6.160950337782666875e-02
1.706994934038408014e-04 6.247212251366529578e-02
1.734759359233932583e-04 6.334495134655471205e-02
1.762975375287203833e-04 6.422806116236789986e-02
1.791650327363899435e-04 6.512152244742430707e-02
1.820791680099462359e-04 6.602540484981833657e-02
1.850407019542302061e-04 6.693977714033738646e-02
1.880504055128583358e-04 6.786470717300363553e-02
1.911090621689135881e-04 6.880026184522725075e-02
1.942174681489024571e-04 6.974650705761065161e-02
1.973764326300255292e-04 7.070350767343369647e-02
2.005867779508234102e-04 7.167132747781534974e-02
2.038493398252464264e-04 7.265002913659857064e-02
2.071649675602066755e-04 7.363967415497219005e-02
2.105345242766704040e-04 7.464032283585153582e-02
2.139588871343421563e-04 7.565203423804833793e-02
2.174389475600079977e-04 7.667486613425456010e-02
2.209756114795903147e-04 7.770887496887191048e-02
2.245697995539771826e-04 7.875411581570135322e-02
2.282224474186896198e-04 7.981064233553925025e-02
2.319345059274427543e-04 8.087850673369301191e-02
2.357069413996727843e-04 8.195775971745888899e-02
2.395407358720879286e-04 8.304845045359399158e-02
2.434368873543112913e-04 8.415062652578919611e-02
2.473964100886811538e-04 8.526433389222198844e-02
2.514203348142796828e-04 8.638961684316970313e-02
2.555097090352507149e-04 8.752651795875976415e-02
2.596655972934872546e-04 8.867507806686847349e-02
2.638890814457513006e-04 8.983533620120587315e-02
2.681812609453012686e-04 9.100732955962975712e-02
2.725432531281027707e-04 9.219109346271892047e-02
2.769761935036891046e-04 9.338666131264405923e-02
2.814812360507581339e-04 9.459406455237295841e-02
2.860595535175745148e-04 9.581333262524860395e-02
2.907123377272575549e-04 9.704449293497452445e-02
2.954407998880379709e-04 9.828757080605166063e-02
3.002461709085549389e-04 9.954258944470006920e-02
3.051297017182870593e-04 1.008095699003013213e-01
3.100926635931929671e-04 1.020885310274146640e-01
3.151363484866476195e-04 1.033794894483851534e-01
3.202620693657650080e-04 1.046824595165979366e-01
3.254711605531848163e-04 1.059974532804205394e-01
3.307649780744242331e-04 1.073244804478492576e-01
3.361449000108768324e-04 1.086635483519310386e-01
3.416123268585525207e-04 1.100146619169721784e-01
3.471686818926559680e-04 1.113778236255874576e-01
3.528154115380883050e-04 1.127530334866273520e-01
3.585539857459817017e-04 1.141402890040102980e-01
3.643858983763548090e-04 1.155395851465137458e-01
3.703126675869923340e-04 1.169509143185508693e-01
3.763358362286532656e-04 1.183742663319709010e-01
3.824569722466999088e-04 1.198096283789200633e-01
3.886776690892667719e-04 1.212569850058070609e-01
3.949995461220647160e-04 1.227163180883927840e-01
4.014242490499317709e-04 1.241876068080500772e-01
4.079534503452448896e-04 1.256708276292259896e-01
4.145888496832911426e-04 1.271659542781361507e-01
4.213321743847288901e-04 1.286729577227220256e-01
4.281851798652415507e-04 1.301918061539122373e-01
4.351496500925045312e-04 1.317224649681991711e-01
4.422273980505897289e-04 1.332648967515835947e-01
4.494202662119142376e-04 1.348190612648946241e-01
4.567301270168746923e-04 1.363849154305205591e-01
4.641588833612782196e-04 1.379624133205837877e-01
4.717084690917012373e-04 1.395515061465640860e-01
4.793808495089107069e-04 1.411521422504158352e-01
4.871780218794630885e-04 1.427642670971820404e-01
4.951020159556351191e-04 1.443878232691423458e-01
5.031548945038056761e-04 1.460227504614999283e-01
5.113387538414320560e-04 1.476689854796279233e-01
5.196557243827657369e-04 1.493264622379057993e-01
5.281079711934330654e-04 1.509951117601309178e-01
5.366976945540475642e-04 1.526748621815502416e-01
5.454271305329836403e-04 1.543656387524990903e-01
5.542985515684662997e-04 1.560673638436738120e-01
5.633142670601351629e-04 1.577799569530308199e-01
5.724766239702178735e-04 1.595033347143298696e-01
5.817880074344935256e-04 1.612374109073249073e-01
5.912508413831881436e-04 1.629820964695981589e-01
6.008675891719680948e-04 1.647372995100465642e-01
6.106407542232036075e-04 1.665029253240166707e-01
6.205728806776500623e-04 1.682788764100846546e-01
6.306665540567405869e-04 1.700650524884804726e-01
6.409244019356456464e-04 1.718613505211463721e-01
6.513490946272796050e-04 1.736676647334304269e-01
6.619433458774387925e-04 1.754838866373901185e-01
6.727099135712337041e-04 1.773099050567161772e-01
6.836516004510238267e-04 1.791456061532415989e-01
6.947712548460240100e-04 1.809908734550451648e-01
7.060717714137765624e-04 1.828455878861079409e-01
7.175560918936921447e-04 1.847096277975273093e-01
7.292272058728313045e-04 1.865828690002543366e-01
7.410881515641569396e-04 1.884651847993408236e-01
7.531420165974375561e-04 1.903564460296724992e-01
7.653919388230155619e-04 1.922565210931578283e-01
7.778411071286482192e-04 1.941652759973591102e-01
7.904927622696419996e-04 1.960825743955241229e-01
8.033501977124734390e-04 1.980082776280014389e-01
8.164167604921471590e-04 1.999422447650016643e-01
8.296958520834915238e-04 2.018843326506769564e-01
8.431909292866251451e-04 2.038343959484870682e-01
8.569055051268347108e-04 2.057922871878099524e-01
8.708431497690724121e-04 2.077578568117725011e-01
8.850074914473439122e-04 2.097309532262561227e-01
8.994022174092053228e-04 2.117114228500447393e-01
9.140310748756222403e-04 2.136991101660734582e-01
9.288978720164497516e-04 2.156938577737377294e-01
9.440064789417603299e-04 2.176955064422261277e-01
9.593608287093146345e-04 2.197038951648284666e-01
9.749649183484096178e-04 2.217188612141859361e-01
9.908228099003786767e-04 2.237402401984276423e-01
1.006938631476027041e-03 2.257678661181632407e-01
1.023316578330244831e-03 2.278015714242725975e-01
1.039960913954120214e-03 2.298411870764619502e-01
1.056875971184804974e-03 2.318865426025251697e-01
1.074066153333432362e-03 2.339374661582791504e-01
1.091535935331391146e-03 2.359937845881129315e-01
1.109289864895222780e-03 2.380553234861126910e-01
1.127332563710487130e-03 2.401219072577107649e-01
1.145668728634872567e-03 2.421933591818113962e-01
1.164303132920875691e-03 2.442695014733472503e-01
1.183240627458377906e-03 2.463501553462166260e-01
1.202486142037412220e-03 2.484351410765541779e-01
1.222044686631488684e-03 2.505242780662878532e-01
1.241921352701784659e-03 2.526173849069324184e-01
1.262121314522546191e-03 2.547142794435722779e-01
1.282649830528059809e-03 2.568147788389902875e-01
1.303512244681508938e-03 2.589186996378863848e-01
1.324713987866117399e-03 2.610258578311485111e-01
1.346260579298911089e-03 2.631360689201210912e-01
1.368157627967470612e-03 2.652491479808328778e-01
1.390410834090069709e-03 2.673649097281322051e-01
1.413025990599533653e-03 2.694831685796837961e-01
1.436008984651260603e-03 2.716037387197913766e-01
1.459365799155757639e-03 2.737264341629896958e-01
1.483102514336102819e-03 2.758510688173746450e-01
1.507225309310755452e-03 2.779774565476172965e-01
1.531740463702079740e-03 2.801054112376312188e-01
1.556654359271062099e-03 2.822347468528426662e-01
1.581973481578601405e-03 2.843652775020298895e-01
1.607704421673822109e-03 2.864968174986877170e-01
1.633853877809860388e-03 2.886291814218844287e-01
1.660428657187529473e-03 2.907621841765638537e-01
1.687435677727375672e-03 2.928956410532701504e-01
1.714881969870540998e-03 2.950293677872437570e-01
1.742774678408917253e-03 2.971631806168686385e-01
1.771121064345086834e-03 2.992968963414271988e-01
1.799928506782476562e-03 3.014303323781355459e-01
1.829204504846293749e-03 3.035633068184233618e-01
1.858956679635688372e-03 3.056956384834368379e-01
1.889192776207664374e-03 3.078271469787243753e-01
1.919920665593282836e-03 3.099576527480851773e-01
1.951148346846616304e-03 3.120869771265513126e-01
1.982883949127071596e-03 3.142149423924769369e-01
2.015135733815558595e-03 3.163413718187115808e-01
2.047912096665083313e-03 3.184660897228343002e-01
2.081221569986337061e-03 3.205889215164238193e-01
2.115072824868794756e-03 3.227096937533489029e-01
2.149474673437980470e-03 3.248282341770537540e-01
2.184436071149428466e-03 3.269443717668236715e-01
2.219966119119952484e-03 3.290579367830116508e-01
2.256074066496859074e-03 3.311687608112130476e-01
2.292769312865648810e-03 3.332766768053661011e-01
2.330061410696924844e-03 3.353815191297740972e-01
2.367960067833078681e-03 3.374831236000285228e-01
2.406475150015421893e-03 3.395813275228257710e-01
2.445616683452444227e-03 3.416759697346682945e-01
2.485394857429798314e-03 3.437668906394335533e-01
2.525820026962784671e-03 3.458539322448139774e-01
2.566902715491951956e-03 3.479369381976106235e-01
2.608653617622550599e-03 3.500157538178818584e-01
2.651083601908536293e-03 3.520902261319361903e-01
2.694203713681882304e-03 3.541602039041722438e-01
2.738025177927857611e-03 3.562255376677559982e-01
2.782559402207125665e-03 3.582860797541385089e-01
2.827817979625344216e-03 3.603416843214120036e-01
2.873812691851063313e-03 3.623922073815040168e-01
2.920555512182745027e-03 3.644375068262112327e-01
2.968058608665602276e-03 3.664774424520741425e-01
3.016334347259197381e-03 3.685118759840965152e-01
3.065395295056529829e-03 3.705406710983153440e-01
3.115254223555484914e-03 3.725636934432207115e-01
3.165924111983520629e-03 3.745808106600364562e-01
3.217418150676371654e-03 3.765918924018655245e-01
3.269749744511767954e-03 3.785968103517071137e-01
3.322932516398975026e-03 3.805954382393547109e-01
3.376980310825087803e-03 3.825876518571810214e-01
3.431907197459042706e-03 3.845733290748242217e-01
3.487727474814177487e-03 3.865523498527759783e-01
3.544455673970435625e-03 3.885245962548972143e-01
3.602106562357073553e-03 3.904899524598542948e-01
3.660695147596898513e-03 3.924483047715022765e-01
3.720236681413065759e-03 3.943995416282225497e-01
3.780746663599349276e-03 3.963435536112226432e-01
3.842240846055060884e-03 3.982802334518235066e-01
3.904735236885564006e-03 4.002094760377338245e-01
3.968246104569478003e-03 4.021311784183384530e-01
4.032789982193705006e-03 4.040452398090089714e-01
4.098383671757261509e-03 4.059515615944525591e-01
4.165044248545184992e-03 4.078500473311149621e-01
4.232789065573553354e-03 4.097406027486555358e-01
4.301635758106790719e-03 4.116231357505087951e-01
4.371602248248502090e-03 4.134975564135486836e-01
4.442706749606882902e-03 4.153637769868737672e-01
4.514967772036101654e-03 4.172217118897306731e-01
4.588404126454761513e-03 4.190712777085913165e-01
4.663034929742726313e-03 4.209123931934050100e-01
4.738879609717651029e-03 4.227449792530396655e-01
4.815957910192351227e-03 4.245689589499316297e-01
4.894289896114531989e-03 4.263842574939625818e-01
4.973895958790068052e-03 4.281908022355841448e-01
5.054796821191235093e-03 4.299885226582015330e-01
5.137013543351338918e-03 4.317773503698435489e-01
5.220567527846975073e-03 4.335572190941304749e-01
5.305480525369573805e-03 4.353280646605638404e-01
5.391774640387505396e-03 4.370898249941529423e-01
5.479472336900281099e-03 4.388424401043972134e-01
5.568596444286409188e-03 4.405858520736475326e-01
5.659170163246242738e-03 4.423200050448589105e-01
5.751217071841613696e-03 4.440448452087552011e-01
5.844761131633637551e-03 4.457603207904298204e-01
5.939826693920350481e-03 4.474663820353924626e-01
6.036438506075864248e-03 4.491629811950871298e-01
6.134621717992506419e-03 4.508500725118932406e-01
6.234401888627863660e-03 4.525276122036382409e-01
6.335804992658253774e-03 4.541955584476270458e-01
6.438857427240412407e-03 4.558538713642189544e-01
6.543586018883228855e-03 4.575025129999595874e-01
6.650018030431118291e-03 4.591414473102927163e-01
6.758181168161110294e-03 4.607706401418644182e-01
6.868103588995307790e-03 4.623900592144430943e-01
6.979813907830653176e-03 4.639996741024646765e-01
7.093341204987989659e-03 4.655994562162292238e-01
7.208715033782135163e-03 4.671893787827555711e-01
7.325965428215230023e-03 4.687694168263211170e-01
7.445122910795143496e-03 4.703395471486934154e-01
7.566218500481047653e-03 4.718997483090797695e-01
7.689283720758305352e-03 4.734500006038003805e-01
7.814350607844541483e-03 4.749902860457088094e-01
7.941451719029339953e-03 4.765205883433730749e-01
8.070620141149507584e-03 4.780408928800287116e-01
8.201889499202211220e-03 4.795511866923271027e-01
8.335293965098187693e-03 4.810514584488833068e-01
8.470868266557402340e-03 4.825416984286478028e-01
8.608647696149244674e-03 4.840218984991108142e-01
8.748668120479913615e-03 4.854920520943523110e-01
8.890965989529167612e-03 4.869521541929576758e-01
9.035578346138920316e-03 4.884022012958041392e-01
9.182542835656282154e-03 4.898421914037386360e-01
9.331897715733238757e-03 4.912721239951544083e-01
9.483681866285927423e-03 4.926920000034830105e-01
9.637934799615796230e-03 4.941018217946101521e-01
9.794696670695384952e-03 4.955015931442329213e-01
9.954008287621518916e-03 4.968913192151637181e-01
1.011591112223829761e-02 4.982710065345959949e-01
1.028044732093309765e-02 4.996406629713451286e-01
1.044765971560805175e-02 5.010002977130695312e-01
1.061759183482999074e-02 5.023499212434882066e-01
1.079028791516183604e-02 5.036895453196016392e-01
1.096579291267809828e-02 5.050191829489273365e-01
1.114415251466788215e-02 5.063388483667620177e-01
1.132541315152812630e-02 5.076485570134728897e-01
1.150962200885031171e-02 5.089483255118391059e-01
1.169682703970384603e-02 5.102381716444407411e-01
1.188707697711903315e-02 5.115181143311077205e-01
1.208042134677328981e-02 5.127881736064437979e-01
1.227691047988360359e-02 5.140483705974229212e-01
1.247659552630868418e-02 5.152987275010750823e-01
1.267952846786433996e-02 5.165392675622627605e-01
1.288576213185517981e-02 5.177700150515586186e-01
1.309535020482667685e-02 5.189909952432333329e-01
1.330834724654075991e-02 5.202022343933555559e-01
1.352480870417874063e-02 5.214037597180137817e-01
1.374479092677536630e-02 5.225955993716696613e-01
1.396835117988739702e-02 5.237777824256387715e-01
1.419554766050101606e-02 5.249503388467177123e-01
1.442643951218158804e-02 5.261132994759535331e-01
1.466108684046982941e-02 5.272666960075637066e-01
1.489955072852853710e-02 5.284105609680170845e-01
1.514189325304352018e-02 5.295449276952696183e-01
1.538817750038346324e-02 5.306698303181712761e-01
1.563846758302247716e-02 5.317853037360410484e-01
1.589282865622976271e-02 5.328913835984191438e-01
1.615132693503089703e-02 5.339881062849968218e-01
1.641402971144466372e-02 5.350755088857280795e-01
1.668100537200059227e-02 5.361536291811316302e-01
1.695232341554121433e-02 5.372225056227802886e-01
1.722805447131392151e-02 5.382821773139855326e-01
1.750827031735723363e-02 5.393326839906790182e-01
1.779304389918577242e-02 5.403740660024923814e-01
1.808244934877951612e-02 5.414063642940397658e-01
1.837656200388172387e-02 5.424296203864084065e-01
1.867545842761074090e-02 5.434438763588521626e-01
1.897921642839099643e-02 5.444491748307002110e-01
1.928791508020777715e-02 5.454455589434713536e-01
1.960163474319185847e-02 5.464330723432061498e-01
1.992045708453871189e-02 5.474117591630157653e-01
2.024446509976801645e-02 5.483816640058422065e-01
2.057374313432911578e-02 5.493428319274445970e-01
2.090837690555749986e-02 5.502953084195986166e-01
2.124845352498882720e-02 5.512391393935197614e-01
2.159406152103567761e-02 5.521743711635104246e-01
2.194529086203311427e-02 5.531010504308256914e-01
2.230223297965936227e-02 5.540192242677665080e-01
2.266498079273692942e-02 5.549289401019944501e-01
2.303362873142131284e-02 5.558302457010716457e-01
2.340827276178294308e-02 5.567231891572282931e-01
2.378901041078890916e-02 5.576078188723511131e-01
2.417594079169128191e-02 5.584841835432009516e-01
2.456916462982790261e-02 5.593523321468539811e-01
2.496878428884326609e-02 5.602123139263678331e-01
2.537490379733571555e-02 5.610641783766751045e-01
2.578762887593803732e-02 5.619079752306989084e-01
2.620706696483849837e-02 5.627437544456955765e-01
2.663332725174980681e-02 5.635715661898182960e-01
2.706652070033241375e-02 5.643914608289081203e-01
2.750676007908067419e-02 5.652034889135034712e-01
2.795415999067859397e-02 5.660077011660747948e-01
2.840883690183301086e-02 5.668041484684794851e-01
2.887090917359234551e-02 5.675928818496353001e-01
2.934049709215787172e-02 5.683739524734169324e-01
2.981772290019673449e-02 5.691474116267655203e-01
3.030271082866399512e-02 5.699133107080219807e-01
3.079558712914223437e-02 5.706717012154688407e-01
3.129648010670750546e-02 5.714226347360934488e-01
3.180552015332920035e-02 5.721661629345587974e-01
3.232283978181380718e-02 5.729023375423910602e-01
3.284857366030047299e-02 5.736312103473756308e-01
3.338285864731757591e-02 5.743528331831598832e-01
3.392583382740992082e-02 5.750672579190695410e-01
3.447764054734463873e-02 5.757745364501237750e-01
3.503842245290676033e-02 5.764747206872605778e-01
3.560832552629281805e-02 5.771678625477608682e-01
3.618749812411276717e-02 5.778540139458764324e-01
3.677609101601030800e-02 5.785332267836539311e-01
3.737425742391064371e-02 5.792055529419598559e-01
3.798215306190736579e-02 5.798710442716979996e-01
3.859993617679770977e-02 5.805297525852225471e-01
3.922776758927715157e-02 5.811817296479423467e-01
3.986581073580438422e-02 5.818270271701150298e-01
4.051423171114647281e-02 5.824656967988287581e-01
4.117319931161678853e-02 5.830977901101715988e-01
4.184288507901584575e-02 5.837233586015825315e-01
4.252346334528677579e-02 5.843424536843869754e-01
4.321511127789762208e-02 5.849551266765103952e-01
4.391800892596085804e-02 5.855614287953699870e-01
4.463233926710397093e-02 5.861614111509446667e-01
4.535828825510190843e-02 5.867551247390138114e-01
4.609604486828429437e-02 5.873426204345745250e-01
4.684580115873045181e-02 5.879239489854221068e-01
4.760775230226368254e-02 5.884991610059019385e-01
4.838209664925956915e-02 5.890683069708243513e-01
4.916903577628031069e-02 5.896314372095464718e-01
4.996877453854878942e-02 5.901886019002092754e-01
5.078152112327670442e-02 5.907398510641385103e-01
5.160748710385907462e-02 5.912852345604012738e-01
5.244688749495118874e-02 5.918248020805153553e-01
5.329994080844092930e-02 5.923586031433135668e-01
5.416686911033146562e-02 5.928866870899566210e-01
5.504789807854967854e-02 5.934091030790950017e-01
5.594325706169377826e-02 5.939259000821762724e-01
5.685317913873753209e-02 5.944371268788980478e-01
5.777790117970506983e-02 5.949428320527997416e-01
5.871766390733249713e-02 5.954430639869964237e-01
5.967271195973310183e-02 5.959378708600499008e-01
6.064329395408061402e-02 5.964273006419728018e-01
6.162966255132942134e-02 5.969114010903689982e-01
6.263207452198692182e-02 5.973902197467036990e-01
6.365079081295564600e-02 5.978638039327021092e-01
6.468607661546320331e-02 5.983322007468755421e-01
6.573820143409585259e-02 5.987954570611729865e-01
6.680743915695615265e-02 5.992536195177539105e-01
6.789406812696112403e-02 5.997067345258834115e-01
6.899837121430010822e-02 6.001548482589446065e-01
7.012063589007176689e-02 6.005980066515695937e-01
7.126115430111745752e-02 6.010362553968816579e-01
7.242022334607314815e-02 6.014696399438536067e-01
7.359814475265770428e-02 6.018982054947749072e-01
7.479522515621812861e-02 6.023219970028278469e-01
7.601177617955322263e-02 6.027410591697689446e-01
7.724811451403400253e-02 6.031554364437189397e-01
7.850456200204508628e-02 6.035651730170495943e-01
7.978144572076628638e-02 6.039703128243775199e-01
8.107909806731677937e-02 6.043708995406514850e-01
8.239785684528511123e-02 6.047669765793414198e-01
8.373806535266489770e-02 6.051585870907193465e-01
8.510007247122246266e-02 6.055457739602353451e-01
8.648423275731725868e-02 6.059285798069838913e-01
8.789090653419963373e-02 6.063070469822607889e-01
8.932045998580959156e-02 6.066812175682073649e-01
9.077326525210223374e-02 6.070511333765410411e-01
9.224970052592174063e-02 6.074168359473705037e-01
9.375015015145289621e-02 6.077783665480923636e-01
9.527500472427299916e-02 6.081357661723713059e-01
9.682466119303113905e-02 6.084890755391952899e-01
9.839952296278225985e-02 6.088383350920129056e-01
1.000000000000000056e-01 6.091835849979415629e-01
