1.000000000000000021e-08 1.204058084902648318e-06
1.016265089392995110e-08 -1.616136422910585679e-06
1.032794731918952445e-08 3.213491425291259418e-06
1.049593230558226649e-08 6.241890456726295611e-07
1.066664958279538736e-08 1.641820060238607937e-06
1.084014359178330982e-08 9.948900175915653676e-07
1.101645949633656934e-08 -1.099508205593124899e-07
1.119564319483879355e-08 4.377203524308370675e-06
1.137774133221490262e-08 4.315804438270731680e-06
1.156280131207375345e-08 3.105193359775881845e-06
1.175087130904807623e-08 2.463791187068409272e-06
1.194200028133532503e-08 3.074526261026555574e-06
1.213623798344241837e-08 2.993153350061561468e-06
1.233363497913774651e-08 3.984888696573207767e-06
1.253424265461399562e-08 7.857091943730409866e-07
1.273811323186478490e-08 2.154237226048572040e-06
1.294529978227915991e-08 2.580271966756697566e-06
1.315585624045705234e-08 -1.011691969088346355e-07
1.336983741824945163e-08 3.662214198563162881e-08
1.358729901902709187e-08 3.496787433387993360e-06
1.380829765218092295e-08 6.332744389991873390e-07
1.403289084785873192e-08 1.331883088262486581e-07
1.426113707194129758e-08 5.914331370204806149e-07
1.449309574126215144e-08 1.006929273628109911e-06
1.472882723907501811e-08 1.632191786948844481e-06
1.496839293077255471e-08 4.135579708686165645e-07
1.521185517986104820e-08 1.859731459052937907e-06
1.545927736419478449e-08 1.951461590543601687e-06
1.571072389247448998e-08 1.773587752995631206e-06
1.596626022101425121e-08 7.119905821584282535e-07
1.622595287078086962e-08 1.343299796174868277e-06
1.648986944471064949e-08 2.034493908231738146e-06
1.675807864530768860e-08 3.397100744151337892e-06
1.703065029252842640e-08 2.963868983463235907e-06
1.730765534195724054e-08 2.624027548914220631e-06
1.758916590327732712e-08 2.432519796813359392e-06
1.787525525904235371e-08 2.050674008269304238e-06
1.816599788375328570e-08 1.614392683868537404e-06
1.846146946324545845e-08 2.158229264415112425e-06
1.876174691439119556e-08 1.544114876295132888e-06
1.906690840512251962e-08 3.035383696281535038e-06
1.937703337477988794e-08 2.595629698065593516e-06
1.969220255479173433e-08 2.952805915001910364e-06
2.001249798969034913e-08 3.026707514064419513e-06
2.033800305846979844e-08 3.367951556421111547e-06
2.066880249629081913e-08 1.988753947301802327e-06
2.100498241653915160e-08 2.572066160722030759e-06
2.134663033324245531e-08 3.469298503477880047e-06
2.169383518385182241e-08 2.754897886592111433e-06
2.204668735239407667e-08 2.452401130836889820e-06
2.240527869300018155e-08 3.277460288275690914e-06
2.276970255381679834e-08 3.252548244514485987e-06
2.314005380130653974e-08 3.566241158048377713e-06
2.351642884494350993e-08 2.895748467790504321e-06
2.389892566231047717e-08 3.187152077810395667e-06
2.428764382460450497e-08 3.368018777205605829e-06
2.468268452255692455e-08 2.820598078767666550e-06
2.508415059277541100e-08 3.283594371739084750e-06
2.549214654451425775e-08 3.842202214943135630e-06
2.590677858688006237e-08 3.626884020668796893e-06
2.632815465648019883e-08 3.231805473680182672e-06
2.675638444552045216e-08 3.054611899533377084e-06
2.719157943036018985e-08 3.199454774338583718e-06
2.763385290053172716e-08 3.687425873422078837e-06
2.808331998823169829e-08 3.999685622813053953e-06
2.854009769829237414e-08 3.916529911052180069e-06
2.900430493863991500e-08 3.649183000220546091e-06
2.947606255124858740e-08 4.268849999822244001e-06
2.995549334359816154e-08 4.297268950792521025e-06
3.044272212064299607e-08 4.391323170871430648e-06
3.093787571730136651e-08 3.865231860356033167e-06
3.144108303147264744e-08 4.127968997513775662e-06
3.195247505759213554e-08 3.951545684999224761e-06
3.247218492073131890e-08 4.315109617403223297e-06
3.300034791125282055e-08 4.660925321808839783e-06
3.353710152002928723e-08 4.116959330668912287e-06
3.408258547423452176e-08 4.780488554789741329e-06
3.463694177371734093e-08 4.382027245175557084e-06
3.520031472796682789e-08 4.884039082830859968e-06
3.577285099367869991e-08 4.434589646051811940e-06
3.635469961293318112e-08 5.047291933957254173e-06
3.694601205199302233e-08 4.773465573593149713e-06
3.754694224073336784e-08 4.702899616293443330e-06
3.815764661271252174e-08 5.022177004043726356e-06
3.877828414589453252e-08 5.104409729339565160e-06
3.940901640403447515e-08 5.413307667456734862e-06
4.005000757873611176e-08 5.347258845489477608e-06
4.070142453219439185e-08 5.422031108426317303e-06
4.136343684063277745e-08 5.602644371327514250e-06
4.203621683844717915e-08 5.585875173852450359e-06
4.271993966306776573e-08 5.441599675193309338e-06
4.341478330055092286e-08 5.763748523457401518e-06
4.412092863191190232e-08 5.931899883515612260e-06
4.483855948021190636e-08 6.016771136985177293e-06
4.556786265841068465e-08 5.920132507442055214e-06
4.630902801799736922e-08 6.095793516069925033e-06
4.706224849841281539e-08 6.221381073867604528e-06
4.782772017727485049e-08 6.436248832453195234e-06
4.860564232142138588e-08 6.272861614031732813e-06
4.939621743878325726e-08 6.584507576734566214e-06
5.019965133110078918e-08 6.566688243503371325e-06
5.101615314749833786e-08 6.788743662000662482e-06
5.184593543892912712e-08 6.883581224581547531e-06
5.268921421350676915e-08 6.951709985214549192e-06
5.354620899273612896e-08 7.054239336001799643e-06
5.441714286865887210e-08 7.181434997338698167e-06
5.530224256192900145e-08 7.371789282339946681e-06
5.620173848083188292e-08 7.493808307890148512e-06
5.711586478126434916e-08 7.447917059644204585e-06
5.804485942768983740e-08 7.708137304773821086e-06
5.898896425508493303e-08 7.817035684198891943e-06
5.994842503189409424e-08 7.976909066620407884e-06
6.092349152400711584e-08 7.954839385426737408e-06
6.191441755977847689e-08 8.082081746629832253e-06
6.292146109610350070e-08 8.210314433099163978e-06
6.394488428556936010e-08 8.472595099062729673e-06
6.498495354469888085e-08 8.527992597207045833e-06
6.604193962330305823e-08 8.643180095413427466e-06
6.711611767496286717e-08 8.811430449506829632e-06
6.820776732865692255e-08 9.007845678477011120e-06
6.931717276155400840e-08 9.134373069485945962e-06
7.044462277299036794e-08 9.317293388932945675e-06
7.159041085964888045e-08 9.486003045622304342e-06
7.275483529196231984e-08 9.641135869098427236e-06
7.393819919175873408e-08 9.736074501387470548e-06
7.514081061116961850e-08 9.908605305697371080e-06
7.636298261282241588e-08 1.011528489591739799e-05
7.760503335133571367e-08 1.027615652582358763e-05
7.886728615614155644e-08 1.036058208081502841e-05
8.015006961565413044e-08 1.054475924533448961e-05
8.145371766280737258e-08 1.076737543281858223e-05
8.277856966198471773e-08 1.089025061462578492e-05
8.412497049736118078e-08 1.113733709268149852e-05
8.549327066268384629e-08 1.125060524953536145e-05
8.688382635251192821e-08 1.145961814330576090e-05
8.829699955494083135e-08 1.159591205424082005e-05
8.973315814583520204e-08 1.184513326490943541e-05
9.119267598459297759e-08 1.197671634456387579e-05
9.267593301146883668e-08 1.219649919392828963e-05
9.418331534647960283e-08 1.239109767248169902e-05
9.571521538991856055e-08 1.258976458140548260e-05
9.727203192450536562e-08 1.284528135214735300e-05
9.885417021919572961e-08 1.303373876304636525e-05
1.004620421346813191e-07 1.325319095912824707e-05
1.020960662306047507e-07 1.343170708179020068e-05
1.037566678745184818e-07 1.367929178330840045e-05
1.054442793526168454e-07 1.391345270362887021e-05
1.071593399822671165e-07 1.412990514404466325e-05
1.089022962263730555e-07 1.432329165773627011e-05
1.106736018095974501e-07 1.461339016906038069e-05
1.124737178364750763e-07 1.484259536543852676e-05
1.143031129114478678e-07 1.505457614281446865e-05
1.161622632608501812e-07 1.531323462422573556e-05
1.180516528568805511e-07 1.558240211152472909e-05
1.199717735435885631e-07 1.581337174216823627e-05
1.219231251649109383e-07 1.605325508613475449e-05
1.239062156947915701e-07 1.633388346544695224e-05
1.259215613694151061e-07 1.657635982488248061e-05
1.279696868215941652e-07 1.687310348885695532e-05
1.300511252173409858e-07 1.715932261325825436e-05
1.321664183946603918e-07 1.741497961171845077e-05
1.343161170046015304e-07 1.772164785263097286e-05
1.365007806546013903e-07 1.800944713892249638e-05
1.387209780541621071e-07 1.828964930938870026e-05
1.409772871628967586e-07 1.857330546484181610e-05
1.432702953409829562e-07 1.886613154467031706e-05
1.456005995020648655e-07 1.919371943415182358e-05
1.479688062686396267e-07 1.948643563232099751e-05
1.503755321299738365e-07 1.981253001126503932e-05
1.528214036025870954e-07 2.013465221850641029e-05
1.553070573933458456e-07 2.048441974411563393e-05
1.578331405652116518e-07 2.079423236123201235e-05
1.604003107056819881e-07 2.114553577037270315e-05
1.630092360979741138e-07 2.149339705737052242e-05
1.656605958949915327e-07 2.183611801287455023e-05
1.683550802961200715e-07 2.219706873762827826e-05
1.710933907269013290e-07 2.256051326654517908e-05
1.738762400216250540e-07 2.292024385919244622e-05
1.767043526088946617e-07 2.328000785623007829e-05
1.795784647002096697e-07 2.366370350392887900e-05
1.824993244816150550e-07 2.404822013468699282e-05
1.854676923084697568e-07 2.445203239864746081e-05
1.884843409033795357e-07 2.483952720855331364e-05
1.915500555573527936e-07 2.524298632766708295e-05
1.946656343342263367e-07 2.565224992645553925e-05
1.978318882784162208e-07 2.607982385449680862e-05
2.010496416260497127e-07 2.649561338530226351e-05
2.043197320195270474e-07 2.692459540187819300e-05
2.076430107255774870e-07 2.736974006545267457e-05
2.110203428568596572e-07 2.781318985312086767e-05
2.144526075971665378e-07 2.826669220001853944e-05
2.179406984302953533e-07 2.872403060050210399e-05
2.214855233726359380e-07 2.918783323924145634e-05
2.250880052095461857e-07 2.967121016295148905e-05
2.287490817355704078e-07 3.015340952861045309e-05
2.324697059985645525e-07 3.063772807010423094e-05
2.362508465477945104e-07 3.113473051130632996e-05
2.400934876860651595e-07 3.163910344494702542e-05
2.439986297259550047e-07 3.215369851461424844e-05
2.479672892502159966e-07 3.268122533128803298e-05
2.520004993764089383e-07 3.321566621161675670e-05
2.560993100258456838e-07 3.374701663694246179e-05
2.602647881969004651e-07 3.430011654859121961e-05
2.644980182427720070e-07 3.485562994964830352e-05
2.688001021537607504e-07 3.542379852872201695e-05
2.731721598441373654e-07 3.600505882839222238e-05
2.776153294436797922e-07 3.658680863893870594e-05
2.821307675939470486e-07 3.718006239161741888e-05
2.867196497493769966e-07 3.779132162473608503e-05
2.913831704832788474e-07 3.840542819255610141e-05
2.961225437988031500e-07 3.902960664159405013e-05
3.009390034449724303e-07 3.965787089021954870e-05
3.058338032378431566e-07 4.030734167304039772e-05
3.108082173869063920e-07 4.096175509216148924e-05
3.158635408267819256e-07 4.162682228270320195e-05
3.210010895543168453e-07 4.230523795167862033e-05
3.262222009711673251e-07 4.299224032999759970e-05
3.315282342319423480e-07 4.369577240848077082e-05
3.369205705980267328e-07 4.440054781762459157e-05
3.424006137971425436e-07 4.512659472533098182e-05
3.479697903887687909e-07 4.585829933190233021e-05
3.536295501355046578e-07 4.660730894212594677e-05
3.593813663804625413e-07 4.736108957859030966e-05
3.652267364308175408e-07 4.813549634885561090e-05
3.711671819475767101e-07 4.891873251999800942e-05
3.772042493416993616e-07 4.971191725344770163e-05
3.833395101766605394e-07 5.052255339987876681e-05
3.895745615775500918e-07 5.134110161286731255e-05
3.959110266468458876e-07 5.217646683586263379e-05
4.023505548869293084e-07 5.302551356667351001e-05
4.088948226294864306e-07 5.388868402034230343e-05
4.155455334718879651e-07 5.476383694436037786e-05
4.223044187206672270e-07 5.565291744147327080e-05
4.291732378422157257e-07 5.656020913535897421e-05
4.361537789208005614e-07 5.748114310044627473e-05
4.432478591240400518e-07 5.841508004933437803e-05
4.504573251759462753e-07 5.936554585672659812e-05
4.577840538376616380e-07 6.032821375334673775e-05
4.652299523960189011e-07 6.131119354102487762e-05
4.727969591600390720e-07 6.230961265996093346e-05
4.804870439655133784e-07 6.332173619572056822e-05
4.883022086877884378e-07 6.434973040736480243e-05
4.962444877628913673e-07 6.539825856832770512e-05
5.043159487171359161e-07 6.646094783313571952e-05
5.125186927053332351e-07 6.754307901513101342e-05
5.208548550577665794e-07 6.864098600933843386e-05
5.293266058360566796e-07 6.975625376670624433e-05
5.379361503980697196e-07 7.089036070484500129e-05
5.466857299720180573e-07 7.204447172359795815e-05
5.555776222398877301e-07 7.321473206367556941e-05
5.646141419303672361e-07 7.440588730911468218e-05
5.737976414214139612e-07 7.561557656710071740e-05
5.831305113526218361e-07 7.684609682867549196e-05
5.926151812475552896e-07 7.809500259414736689e-05
6.022541201461927509e-07 7.936616480574976151e-05
6.120498372476702854e-07 8.065691914982409116e-05
6.220048825634717926e-07 8.196691830630875586e-05
6.321218475812448096e-07 8.330123088617913396e-05
6.424033659394190549e-07 8.465543526481322800e-05
6.528521141127847315e-07 8.603211868574156540e-05
6.634708121092350418e-07 8.743144552036952177e-05
6.742622241778349095e-07 8.885258265034501335e-05
6.852291595284057501e-07 9.029833896068151233e-05
6.963744730628222709e-07 9.176648806008547155e-05
7.077010661181889092e-07 9.325766159906656583e-05
7.192118872221193113e-07 9.477452145667530914e-05
7.309099328602918614e-07 9.631603083892770201e-05
7.427982482564911104e-07 9.788197956395183752e-05
7.548799281653431580e-07 9.947350483541228527e-05
7.671581176779302778e-07 1.010910384623420200e-04
7.796360130405236458e-07 1.027358762187846608e-04
7.923168624866261349e-07 1.044058934167590991e-04
8.052039670825469881e-07 1.061032012517060252e-04
8.183006815867389787e-07 1.078288933028526131e-04
8.316104153230961550e-07 1.095819752706672645e-04
8.451366330684722093e-07 1.113644346287800957e-04
8.588828559546258306e-07 1.131748057199288837e-04
8.728526623848370902e-07 1.150154550532134223e-04
8.870496889654402904e-07 1.168852393647057397e-04
9.014776314524917028e-07 1.187864307572450429e-04
9.161402457138521424e-07 1.207182562956710115e-04
9.310413487069085223e-07 1.226807036478483326e-04
9.461848194721991931e-07 1.246755881437744407e-04
9.615746001432095654e-07 1.267028347807785948e-04
9.772146969725724298e-07 1.287627307349215044e-04
9.931091813749800272e-07 1.308568430894441192e-04
1.009262190987048422e-06 1.329847400635131294e-04
1.025677930744420800e-06 1.351470526217424251e-04
1.042360673976401061e-06 1.373439516022534335e-04
1.059314763518370023e-06 1.395776568798856587e-04
1.076544612842315852e-06 1.418466752963754018e-04
1.094054707205743622e-06 1.441529927472817718e-04
1.111849604819269788e-06 1.464968447499881421e-04
1.129933938033221742e-06 1.488788380018535307e-04
1.148312414543511196e-06 1.512999828299221861e-04
1.166989818617147488e-06 1.537595224380128300e-04
1.185971012337670574e-06 1.562598021224159694e-04
1.205260936870841443e-06 1.588004833804612659e-04
1.224864613750930682e-06 1.613824162521870775e-04
1.244787146187906095e-06 1.640063078061082535e-04
1.265033720395903716e-06 1.666727828252279053e-04
1.285609606943296477e-06 1.693826225477312875e-04
1.306520162124719865e-06 1.721362787616698142e-04
1.327770829355428974e-06 1.749353358542204973e-04
1.349367140588306489e-06 1.777794174722124865e-04
1.371314717753945535e-06 1.806697253432520966e-04
1.393619274224143468e-06 1.836068302102367156e-04
1.416286616299197281e-06 1.865920004563426104e-04
1.439322644719406585e-06 1.896257068234596943e-04
1.462733356201129952e-06 1.927086909980779694e-04
1.486524844997857111e-06 1.958415086424913909e-04
1.510703304486655702e-06 1.990254334931496061e-04
1.535275028780421201e-06 2.022610717166140049e-04
1.560246414366371105e-06 2.055491578629720095e-04
1.585623961771137209e-06 2.088907475543688719e-04
1.611414277253019916e-06 2.122867980921538944e-04
1.637624074521688946e-06 2.157377641388569245e-04
1.664260176485901778e-06 2.192449582519850892e-04
1.691329517029650428e-06 2.228092327017927587e-04
1.718839142817145670e-06 2.264313034155973625e-04
1.746796215127245610e-06 2.301123487176148785e-04
1.775208011717636075e-06 2.338529191564520104e-04
1.804081928719380951e-06 2.376545158458975848e-04
1.833425482562292654e-06 2.415176521689543776e-04
1.863246311931559818e-06 2.454437422200195229e-04
1.893552179756295206e-06 2.494336355399751071e-04
1.924350975230332279e-06 2.534882422274842284e-04
1.955650715865946999e-06 2.576086816058476003e-04
1.987459549580985976e-06 2.617961160213955196e-04
2.019785756819878467e-06 2.660517514058158284e-04
2.052637752709252226e-06 2.703762836434586703e-04
2.086024089248504694e-06 2.747710927751834120e-04
2.119953457536069015e-06 2.792374031638233944e-04
2.154434690031886471e-06 2.837761078510192547e-04
2.189476762856620668e-06 2.883886683575642707e-04
2.225088798128369440e-06 2.930760538745191823e-04
2.261280066337279372e-06 2.978395979122971937e-04
2.298059988758848964e-06 3.026806208611398930e-04
2.335438139906481616e-06 3.076000906598874707e-04
2.373424250023866098e-06 3.125995727373265254e-04
2.412028207618006978e-06 3.176802058880712210e-04
2.451260062033339965e-06 3.228434387532175265e-04
2.491130026067785964e-06 3.280904900618830666e-04
2.531648478631357950e-06 3.334227123628075162e-04
2.572825967447932223e-06 3.388415280489720516e-04
2.614673211801092052e-06 3.443482995336699659e-04
2.657201105324506616e-06 3.499445956149926928e-04
2.700420718837769789e-06 3.556316197287356928e-04
2.744343303228368328e-06 3.614111102689943067e-04
2.788980292380439744e-06 3.672844644526662705e-04
2.834343306151309184e-06 3.732530811617618127e-04
2.880444153396297871e-06 3.793186500692380392e-04
2.927294835042813193e-06 3.854826857303539356e-04
2.974907547214443381e-06 3.917468025529391440e-04
3.023294684405776334e-06 3.981126876346774424e-04
3.072468842709003493e-06 4.045818359714736800e-04
3.122442823092858074e-06 4.111559656875263258e-04
3.173229634734973124e-06 4.178368785392461149e-04
3.224842498408445454e-06 4.246262489870922252e-04
3.277294849923382168e-06 4.315258471118132988e-04
3.330600343624588548e-06 4.385373951394377912e-04
3.384772855945982993e-06 4.456627482473107804e-04
3.439826489022921063e-06 4.529037954774661756e-04
3.495775574363278632e-06 4.602622785851995246e-04
3.552634676578139464e-06 4.677402691460885720e-04
3.610418597173337456e-06 4.753395576782004639e-04
3.669142378402493899e-06 4.830622454602417903e-04
3.728821307182830034e-06 4.909102047746527475e-04
3.789470919074671417e-06 4.988855142505910223e-04
3.851107002325569028e-06 5.069902593559660886e-04
3.913745601980383925e-06 5.152264892273050734e-04
3.977403024058036353e-06 5.235963420647804512e-04
4.042095839796302090e-06 5.321020305186774380e-04
4.107840889965650877e-06 5.407456600564630733e-04
4.174655289253134888e-06 5.495295833525259965e-04
4.242556430717776958e-06 5.584559581714998444e-04
4.311561990318228494e-06 5.675271797336289836e-04
4.381689931514185333e-06 5.767455220040407227e-04
4.452958509942660131e-06 5.861133761204673220e-04
4.525386278170166693e-06 5.956332079031234628e-04
4.598992090522438309e-06 6.053074142732262075e-04
4.673795107992463609e-06 6.151385113772889213e-04
4.749814803228495024e-06 6.251290834644596117e-04
4.827070965603187770e-06 6.352816451173914913e-04
4.905583706365045857e-06 6.455988407784163385e-04
4.985373463873893773e-06 6.560833434353652294e-04
5.066461008921268308e-06 6.667378449458638556e-04
5.148867450137487247e-06 6.775651158418272146e-04
5.232614239486667200e-06 6.885678944879014551e-04
5.317723177850966182e-06 6.997490709669262898e-04
5.404216420705915271e-06 7.111114810066654357e-04
5.492116483887788865e-06 7.226580893410217143e-04
5.581446249454954941e-06 7.343918778714986217e-04
5.672228971644549552e-06 7.463158145402104537e-04
5.764488282925873171e-06 7.584330392464977422e-04
5.858248200152535830e-06 7.707466365913795414e-04
5.953533130814370033e-06 7.832597817021280662e-04
6.050367879391212089e-06 7.959756996639422155e-04
6.148777653810029084e-06 8.088976529367908341e-04
6.248788072006888211e-06 8.220289926127444247e-04
6.350425168595962254e-06 8.353730629744315905e-04
6.453715401646702034e-06 8.489333263790310724e-04
6.558685659571422142e-06 8.627132597521791624e-04
6.665363268124920326e-06 8.767164074652278316e-04
6.773775997517744987e-06 8.909463600904610203e-04
6.883952069645496021e-06 9.054067919780361962e-04
6.995920165435374508e-06 9.201014173257915374e-04
7.109709432312424079e-06 9.350340092280085003e-04
7.225349491787221566e-06 9.502083979020525817e-04
7.342870447166757580e-06 9.656284912988866154e-04
7.462302891391107415e-06 9.812982500386757678e-04
7.583677914997190766e-06 9.972216874691852695e-04
7.707027114212287592e-06 1.013402893118020565e-03
7.832382599179204906e-06 1.029846019826363701e-03
7.959777002314978321e-06 1.046555291219886108e-03
8.089243486805938269e-06 1.063534990381032053e-03
8.220815755240541055e-06 1.080789476428867246e-03
8.354528058382854806e-06 1.098323171840220880e-03
8.490415204088755231e-06 1.116140563946377284e-03
8.628512566366886081e-06 1.134246226147994641e-03
8.768856094587426870e-06 1.152644791525103685e-03
8.911482322840200959e-06 1.171340975886114855e-03
9.056428379445293633e-06 1.190339566149112294e-03
9.203731996618229962e-06 1.209645422601490772e-03
9.353431520292377225e-06 1.229263496631993746e-03
9.505565920101190930e-06 1.249198797110939729e-03
9.660174799522645609e-06 1.269456423879433693e-03
9.817298406188840434e-06 1.290041565041200045e-03
9.976977642363212323e-06 1.310959471824912903e-03
1.013925407558814327e-05 1.332215492660271394e-03
1.030416994950587402e-05 1.353815065576080556e-03
1.047176819485520245e-05 1.375763702968435531e-03
1.064209244064724650e-05 1.398067005489389558e-03
1.081518702552289214e-05 1.420730667965997007e-03
1.099109700929496075e-05 1.443760477288225097e-03
1.116986818467822625e-05 1.467162301592161988e-03
1.135154708920999101e-05 1.490942116142646157e-03
1.153618101736478473e-05 1.515105969797869712e-03
1.172381803286599682e-05 1.539660037327750253e-03
1.191450698119774729e-05 1.564610559521284472e-03
1.210829750232039467e-05 1.589963892848267335e-03
1.230524004359261647e-05 1.615726496374980670e-03
1.250538587290391306e-05 1.641904919416514730e-03
1.270878709202059429e-05 1.668505824129917769e-03
1.291549665014882683e-05 1.695535974819306624e-03
1.312556835771842841e-05 1.723002239394588742e-03
1.333905690039058705e-05 1.750911597171000977e-03
1.355601785329368979e-05 1.779271137511306833e-03
1.377650769549055046e-05 1.808088056527212828e-03
1.400058382468096031e-05 1.837369674176803080e-03
1.422830457214351858e-05 1.867123410115745230e-03
1.445972921792019565e-05 1.897356816699780069e-03
1.469491800624817218e-05 1.928077547628914701e-03
1.493393216124253386e-05 1.959293390983551930e-03
1.517683390283403825e-05 1.991012253369284224e-03
1.542368646296627532e-05 2.023242155527738007e-03
1.567455410205594862e-05 2.055991258960387924e-03
1.592950212572123044e-05 2.089267841363429135e-03
1.618859690178199096e-05 2.123080314776593092e-03
1.645190587753660725e-05 2.157437220947522327e-03
1.671949759731991612e-05 2.192347234253211319e-03
1.699144172034626135e-05 2.227819168314493226e-03
1.726780903884356100e-05 2.263861969577174449e-03
1.754867149648151891e-05 2.300484726217799647e-03
1.783410220710006182e-05 2.337696666405708612e-03
1.812417547374239337e-05 2.375507161617718133e-03
1.841896680799710997e-05 2.413925733387056738e-03
1.871855294965579252e-05 2.452962045350504106e-03
1.902301188668945850e-05 2.492625913351531608e-03
1.933242287555043403e-05 2.532927306765686559e-03
1.964686646180448403e-05 2.573876346017023309e-03
1.996642450109793374e-05 2.615483311953825662e-03
2.029118018046678154e-05 2.657758640971175090e-03
2.062121803999144521e-05 2.700712933226268042e-03
2.095662399480430758e-05 2.744356952881332745e-03
2.129748535745523187e-05 2.788701626081024898e-03
2.164389086064020347e-05 2.833758055114543595e-03
2.199593068030074845e-05 2.879537503295392931e-03
2.235369645909796436e-05 2.926051415284569579e-03
2.271728133026902697e-05 2.973311408526413402e-03
2.308677994187171946e-05 3.021329278061757329e-03
2.346228848142262524e-05 3.070117001516603494e-03
2.384390470093720405e-05 3.119686738398352865e-03
2.423172794237600676e-05 3.170050836687088314e-03
2.462585916350544169e-05 3.221221830826070942e-03
2.502640096417921810e-05 3.273212448450690815e-03
2.543345761304648090e-05 3.326035610449085134e-03
2.584713507469563873e-05 3.379704435545916041e-03
2.626754103723838489e-05 3.434232241652512840e-03
2.669478494034318111e-05 3.489632549039889398e-03
2.712897800372469909e-05 3.545919083672965932e-03
2.757023325609582679e-05 3.603105781643911598e-03
2.801866556459195316e-05 3.661206786595094798e-03
2.847439166467247799e-05 3.720236460146297830e-03
2.893753019050947418e-05 3.780209378250298791e-03
2.940820170587066820e-05 3.841140338893267447e-03
2.988652873550382686e-05 3.903044362766894260e-03
3.037263579703311443e-05 3.965936696193050892e-03
3.086664943337274645e-05 4.029832816292766573e-03
3.136869824566873116e-05 4.094748431658135068e-03
3.187891292677648815e-05 4.160699486253860435e-03
3.239742629528195378e-05 4.227702165576219251e-03
3.292437333007768632e-05 4.295772894499227945e-03
3.345989120549975091e-05 4.364928344425145212e-03
3.400411932703702948e-05 4.435185436107103030e-03
3.455719936762143251e-05 4.506561341319104130e-03
3.511927530450727994e-05 4.579073489077822856e-03
3.569049345675229896e-05 4.652739566094132861e-03
3.627100252330647985e-05 4.727577521376646885e-03
3.686095362172154264e-05 4.803605570076197040e-03
3.746050032748996612e-05 4.880842197433454821e-03
3.806979871402284228e-05 4.959306160443266442e-03
3.868900739327975645e-05 5.039016493942560793e-03
3.931828755705769966e-05 5.119992511655624412e-03
3.995780301895265397e-05 5.202253811304458075e-03
4.060772025700369657e-05 5.285820279094521901e-03
4.126820845702951608e-05 5.370712090537965722e-03
4.193943955667186254e-05 5.456949717136061473e-03
4.262158829015324943e-05 5.544553929200501940e-03
4.331483223376393757e-05 5.633545798182537645e-03
4.401935185208879207e-05 5.723946703592663887e-03
4.473533054498463085e-05 5.815778333013166268e-03
4.546295469532399562e-05 5.909062689463784324e-03
4.620241371751313139e-05 6.003822092955801715e-03
4.695390010680053220e-05 6.100079185224593914e-03
4.771760948938750521e-05 6.197856934209378110e-03
4.849374067335233355e-05 6.297178637557632186e-03
4.928249570040513461e-05 6.398067925974193493e-03
5.008407989848212116e-05 6.500548768067493377e-03
5.089870193519674814e-05 6.604645475207560068e-03
5.172657387216024049e-05 6.710382703065786991e-03
5.256791122018419400e-05 6.817785458624436856e-03
5.342293299538352475e-05 6.926879102360228302e-03
5.429186177618943007e-05 7.037689352823672806e-03
5.517492376129117199e-05 7.150242291448005716e-03
5.607234882852038467e-05 7.264564366004755414e-03
5.698437059469136365e-05 7.380682395354498659e-03
5.791122647641758420e-05 7.498623572747220578e-03
5.885315775191450485e-05 7.618415471208228595e-03
5.981040962380931695e-05 7.740086047217986653e-03
6.078323128297236501e-05 7.863663644668394959e-03
6.177187597338488134e-05 7.989177000067293477e-03
6.277660105806499695e-05 8.116655245891890580e-03
6.379766808606282991e-05 8.246127915133349973e-03
6.483534286054713498e-05 8.377624945934081246e-03
6.588989550799956058e-05 8.511176685423782473e-03
6.696160054853215278e-05 8.646813894544247425e-03
6.805073696735206717e-05 8.784567752023408893e-03
6.915758828738525219e-05 8.924469858450967408e-03
7.028244264308337646e-05 9.066552241264180800e-03
7.142559285543133394e-05 9.210847358338547508e-03
7.258733650817245705e-05 9.357388103014674385e-03
7.376797602527730984e-05 9.506207807878253035e-03
7.496781874966877322e-05 9.657340249099699570e-03
7.618717702322983626e-05 9.810819650868718433e-03
7.742636826811278249e-05 9.966680689589946240e-03
7.868571506936843291e-05 1.012495849826822170e-02
7.996554525892345903e-05 1.028568867035717371e-02
8.126619200091945365e-05 1.044890726459701824e-02
8.258799387844254533e-05 1.061465080847978637e-02
8.393129498166373591e-05 1.078295630301384644e-02
8.529644499741016815e-05 1.095386122657315831e-02
8.668379930019773523e-05 1.112740353906849222e-02
8.809371904473991286e-05 1.130362168591170224e-02
8.952657125996382206e-05 1.148255460214953061e-02
9.098272894455568119e-05 1.166424171654834030e-02
9.246257116405733111e-05 1.184872295536820719e-02
9.396648314954690162e-05 1.203603874634340265e-02
9.549485639791966557e-05 1.222623002241773893e-02
9.704808877380307014e-05 1.241933822582153013e-02
9.862658461312830713e-05 1.261540531158611422e-02
1.002307548283864352e-04 1.281447375127797716e-02
1.018610170155975281e-04 1.301658653647530528e-02
1.035177955630176228e-04 1.322178718269761966e-02
1.052015217616159118e-04 1.343011973246444057e-02
1.069126339173477141e-04 1.364162875887997561e-02
1.086515774652537295e-04 1.385635936893092612e-02
1.104188050854160164e-04 1.407435720671057489e-02
1.122147768207980290e-04 1.429566845661967012e-02
1.140399601970033122e-04 1.452033984623490870e-02
1.158948303439811801e-04 1.474841864948905901e-02
1.177798701197118084e-04 1.497995268925322865e-02
1.196955702359042841e-04 1.521499034022655295e-02
1.216424293857368039e-04 1.545358053168377488e-02
1.236209543736769146e-04 1.569577274953926072e-02
1.256316602474121533e-04 1.594161703924834583e-02
1.276750704319264313e-04 1.619116400761633212e-02
1.297517168657586742e-04 1.644446482518502339e-02
1.318621401394748458e-04 1.670157122805770999e-02
1.340068896363950598e-04 1.696253551973814222e-02
1.361865236756082756e-04 1.722741057276377941e-02
1.384016096573130147e-04 1.749624983036734971e-02
1.406527242105236439e-04 1.776910730759084789e-02
1.429404533431761061e-04 1.804603759254819195e-02
1.452653925946781202e-04 1.832709584757763466e-02
1.476281471909391145e-04 1.861233780975013463e-02
1.500293322019216613e-04 1.890181979164518022e-02
1.524695727017572945e-04 1.919559868179598894e-02
1.549495039314631646e-04 1.949373194484949057e-02
1.574697714643086743e-04 1.979627762153279846e-02
1.600310313738701764e-04 2.010329432850133102e-02
1.626339504048190531e-04 2.041484125780645975e-02
1.652792061464893926e-04 2.073097817637448159e-02
1.679674872092653225e-04 2.105176542485320823e-02
1.706994934038408014e-04 2.137726391665872860e-02
1.734759359233932583e-04 2.170753513643086663e-02
1.762975375287203833e-04 2.204264113839371486e-02
1.791650327363899435e-04 2.238264454436944551e-02
1.820791680099462359e-04 2.272760854155064791e-02
1.850407019542302061e-04 2.307759687994892506e-02
1.880504055128583358e-04 2.343267386965053323e-02
1.911090621689135881e-04 2.379290437757874965e-02
1.942174681489024571e-04 2.415835382419573296e-02
1.973764326300255292e-04 2.452908817955279375e-02
2.005867779508234102e-04 2.490517395941116430e-02
2.038493398252464264e-04 2.528667822066787974e-02
2.071649675602066755e-04 2.567366855668951064e-02
2.105345242766704040e-04 2.606621309212242554e-02
2.139588871343421563e-04 2.646438047743648880e-02
2.174389475600079977e-04 2.686823988306996647e-02
2.209756114795903147e-04 2.727786099316675816e-02
2.245697995539771826e-04 2.769331399902297264e-02
2.282224474186896198e-04 2.811466959198360982e-02
2.319345059274427543e-04 2.854199895608522386e-02
2.357069413996727843e-04 2.897537376015801858e-02
2.395407358720879286e-04 2.941486614963650936e-02
2.434368873543112913e-04 2.986054873777288510e-02
2.473964100886811538e-04 3.031249459660978474e-02
2.514203348142796828e-04 3.077077724731203112e-02
2.555097090352507149e-04 3.123547065017107105e-02
2.596655972934872546e-04 3.170664919410071114e-02
2.638890814457513006e-04 3.218438768566678210e-02
2.681812609453012686e-04 3.266876133758767065e-02
2.725432531281027707e-04 3.315984575686981017e-02
2.769761935036891046e-04 3.365771693225894090e-02
2.814812360507581339e-04 3.416245122140448842e-02
2.860595535175745148e-04 3.467412533730096502e-02
2.907123377272575549e-04 3.519281633437898460e-02
2.954407998880379709e-04 3.571860159393924761e-02
3.002461709085549389e-04 3.625155880914310291e-02
3.051297017182870593e-04 3.679176596943778410e-02
3.100926635931929671e-04 3.733930134438645521e-02
3.151363484866476195e-04 3.789424346700309698e-02
3.202620693657650080e-04 3.845667111650497016e-02
3.254711605531848163e-04 3.902666330048931709e-02
3.307649780744242331e-04 3.960429923656938467e-02
3.361449000108768324e-04 4.018965833337317939e-02
3.416123268585525207e-04 4.078282017101153567e-02
3.471686818926559680e-04 4.138386448096786907e-02
3.528154115380883050e-04 4.199287112534211275e-02
3.585539857459817017e-04 4.260992007553388028e-02
3.643858983763548090e-04 4.323509139035630611e-02
3.703126675869923340e-04 4.386846519346343509e-02
3.763358362286532656e-04 4.451012165027257161e-02
3.824569722466999088e-04 4.516014094420472968e-02
3.886776690892667719e-04 4.581860325236120079e-02
3.949995461220647160e-04 4.648558872056851587e-02
4.014242490499317709e-04 4.716117743782044514e-02
4.079534503452448896e-04 4.784544941011281693e-02
4.145888496832911426e-04 4.853848453365627869e-02
4.213321743847288901e-04 4.924036256750619067e-02
4.281851798652415507e-04 4.995116310557190520e-02
4.351496500925045312e-04 5.067096554798766750e-02
4.422273980505897289e-04 5.139984907195405128e-02
4.494202662119142376e-04 5.213789260190537789e-02
4.567301270168746923e-04 5.288517477914822518e-02
4.641588833612782196e-04 5.364177393085689527e-02
4.717084690917012373e-04 5.440776803851465893e-02
4.793808495089107069e-04 5.518323470577879419e-02
4.871780218794630885e-04 5.596825112575054550e-02
4.951020159556351191e-04 5.676289404771972524e-02
5.031548945038056761e-04 5.756723974331945382e-02
5.113387538414320560e-04 5.838136397215065720e-02
5.196557243827657369e-04 5.920534194688009677e-02
5.281079711934330654e-04 6.003924829778961580e-02
5.366976945540475642e-04 6.088315703684521463e-02
5.454271305329836403e-04 6.173714152124565313e-02
5.542985515684662997e-04 6.260127441647256319e-02
5.633142670601351629e-04 6.347562765890879533e-02
5.724766239702178735e-04 6.436027241795516662e-02
5.817880074344935256e-04 6.525527905773542692e-02
5.912508413831881436e-04 6.616071709835968928e-02
6.008675891719680948e-04 6.707665517679239908e-02
6.106407542232036075e-04 6.800316100732528568e-02
6.205728806776500623e-04 6.894030134167994373e-02
6.306665540567405869e-04 6.988814192877501608e-02
6.409244019356456464e-04 7.084674747414343443e-02
6.513490946272796050e-04 7.181618159906766330e-02
6.619433458774387925e-04 7.279650679941052083e-02
6.727099135712337041e-04 7.378778440420796780e-02
6.836516004510238267e-04 7.479007453401720351e-02
6.947712548460240100e-04 7.580343605904937831e-02
7.060717714137765624e-04 7.682792655713954755e-02
7.175560918936921447e-04 7.786360227154476288e-02
7.292272058728313045e-04 7.891051806862292572e-02
7.410881515641569396e-04 7.996872739541016628e-02
7.531420165974375561e-04 8.103828223713760437e-02
7.653919388230155619e-04 8.211923307469692901e-02
7.778411071286482192e-04 8.321162884211030786e-02
7.904927622696419996e-04 8.431551688402760814e-02
8.033501977124734390e-04 8.543094291326769341e-02
8.164167604921471590e-04 8.655795096845741998e-02
8.296958520834915238e-04 8.769658337180985530e-02
8.431909292866251451e-04 8.884688068702994990e-02
8.569055051268347108e-04 9.000888167745202395e-02
8.708431497690724121e-04 9.118262326437454046e-02
8.850074914473439122e-04 9.236814048568020574e-02
8.994022174092053228e-04 9.356546645475971591e-02
9.140310748756222403e-04 9.477463231976079872e-02
9.288978720164497516e-04 9.599566722323060741e-02
9.440064789417603299e-04 9.722859826216434520e-02
9.593608287093146345e-04 9.847345044851019136e-02
9.749649183484096178e-04 9.973024667017005296e-02
9.908228099003786767e-04 1.009990076525190128e-01
1.006938631476027041e-03 1.022797519205100869e-01
1.023316578330244831e-03 1.035724957613782804e-01
1.039960913954120214e-03 1.048772531879926806e-01
1.056875971184804974e-03 1.061940359028966663e-01
1.074066153333432362e-03 1.075228532630757572e-01
1.091535935331391146e-03 1.088637122454872985e-01
1.109289864895222780e-03 1.102166174133940579e-01
1.127332563710487130e-03 1.115815708835427023e-01
1.145668728634872567e-03 1.129585722942202386e-01
1.164303132920875691e-03 1.143476187742279437e-01
1.183240627458377906e-03 1.157487049128190781e-01
1.202486142037412220e-03 1.171618227306204796e-01
1.222044686631488684e-03 1.185869616515919933e-01
1.241921352701784659e-03 1.200241084760502730e-01
1.262121314522546191e-03 1.214732473547956992e-01
1.282649830528059809e-03 1.229343597643745012e-01
1.303512244681508938e-03 1.244074244835193799e-01
1.324713987866117399e-03 1.258924175707886173e-01
1.346260579298911089e-03 1.273893123434465258e-01
1.368157627967470612e-03 1.288980793576152140e-01
1.390410834090069709e-03 1.304186863897276449e-01
1.413025990599533653e-03 1.319510984193068559e-01
1.436008984651260603e-03 1.334952776131125285e-01
1.459365799155757639e-03 1.350511833106686765e-01
1.483102514336102819e-03 1.366187720112110870e-01
1.507225309310755452e-03 1.381979973620709456e-01
1.531740463702079740e-03 1.397888101485214030e-01
1.556654359271062099e-03 1.413911582851169468e-01
1.581973481578601405e-03 1.430049868085345732e-01
1.607704421673822109e-03 1.446302378719457327e-01
1.633853877809860388e-03 1.462668507409380370e-01
1.660428657187529473e-03 1.479147617909972734e-01
1.687435677727375672e-03 1.495739045065713757e-01
1.714881969870540998e-03 1.512442094817312288e-01
1.742774678408917253e-03 1.529256044224326372e-01
1.771121064345086834e-03 1.546180141504026606e-01
1.799928506782476562e-03 1.563213606086500951e-01
1.829204504846293749e-03 1.580355628686109792e-01
1.858956679635688372e-03 1.597605371389361206e-01
1.889192776207664374e-03 1.614961967759263040e-01
1.919920665593282836e-03 1.632424522956111845e-01
1.951148346846616304e-03 1.649992113874825250e-01
1.982883949127071596e-03 1.667663789298716726e-01
2.015135733815558595e-03 1.685438570069757169e-01
2.047912096665083313e-03 1.703315449275260018e-01
2.081221569986337061e-03 1.721293392450891080e-01
2.115072824868794756e-03 1.739371337800000861e-01
2.149474673437980470e-03 1.757548196429078446e-01
2.184436071149428466e-03 1.775822852599375778e-01
2.219966119119952484e-03 1.794194163994362601e-01
2.256074066496859074e-03 1.812660962003056486e-01
2.292769312865648810e-03 1.831222052018971480e-01
2.330061410696924844e-03 1.849876213754487742e-01
2.367960067833078681e-03 1.868622201570516728e-01
2.406475150015421893e-03 1.887458744821168821e-01
2.445616683452444227e-03 1.906384548213292396e-01
2.485394857429798314e-03 1.925398292180499071e-01
2.525820026962784671e-03 1.944498633271591892e-01
2.566902715491951956e-03 1.963684204552947898e-01
2.608653617622550599e-03 1.982953616024704102e-01
2.651083601908536293e-03 2.002305455050336080e-01
2.694203713681882304e-03 2.021738286799408257e-01
2.738025177927857611e-03 2.041250654703075096e-01
2.782559402207125665e-03 2.060841080922052315e-01
2.827817979625344216e-03 2.080508066826687319e-01
2.873812691851063313e-03 2.100250093488726932e-01
2.920555512182745027e-03 2.120065622184488241e-01
2.968058608665602276e-03 2.139953094908899622e-01
3.016334347259197381e-03 2.159910934900187707e-01
3.065395295056529829e-03 2.179937547174659596e-01
3.115254223555484914e-03 2.200031319071217295e-01
3.165924111983520629e-03 2.220190620805196913e-01
3.217418150676371654e-03 2.240413806031056332e-01
3.269749744511767954e-03 2.260699212413476156e-01
3.322932516398975026e-03 2.281045162206478683e-01
3.376980310825087803e-03 2.301449962840004249e-01
3.431907197459042706e-03 2.321911907513630746e-01
3.487727474814177487e-03 2.342429275796797938e-01
3.544455673970435625e-03 2.363000334235226818e-01
3.602106562357073553e-03 2.383623336962966688e-01
3.660695147596898513e-03 2.404296526319625871e-01
3.720236681413065759e-03 2.425018133472304216e-01
3.780746663599349276e-03 2.445786379041746672e-01
3.842240846055060884e-03 2.466599473732251635e-01
3.904735236885564006e-03 2.487455618964822257e-01
3.968246104569478003e-03 2.508353007513121069e-01
4.032789982193705006e-03 2.529289824141729426e-01
4.098383671757261509e-03 2.550264246246215505e-01
4.165044248545184992e-03 2.571274444494571210e-01
4.232789065573553354e-03 2.592318583469529480e-01
4.301635758106790719e-03 2.613394822311274623e-01
4.371602248248502090e-03 2.634501315360134877e-01
4.442706749606882902e-03 2.655636212798708762e-01
4.514967772036101654e-03 2.676797661293047748e-01
4.588404126454761513e-03 2.697983804632428928e-01
4.663034929742726313e-03 2.719192784367221449e-01
4.738879609717651029e-03 2.740422740444482530e-01
4.815957910192351227e-03 2.761671811840772373e-01
4.894289896114531989e-03 2.782938137191850458e-01
4.973895958790068052e-03 2.804219855418752516e-01
5.054796821191235093e-03 2.825515106349886230e-01
5.137013543351338918e-03 2.846822031338751557e-01
5.220567527846975073e-03 2.868138773876851566e-01
5.305480525369573805e-03 2.889463480201436285e-01
5.391774640387505396e-03 2.910794299897730975e-01
5.479472336900281099e-03 2.932129386495231360e-01
5.568596444286409188e-03 2.953466898057748313e-01
5.659170163246242738e-03 2.974804997766860026e-01
5.751217071841613696e-03 2.996141854498405310e-01
5.844761131633637551e-03 3.017475643391729356e-01
5.939826693920350481e-03 3.038804546411379981e-01
6.036438506075864248e-03 3.060126752900897973e-01
6.134621717992506419e-03 3.081440460128462844e-01
6.234401888627863660e-03 3.102743873824118648e-01
6.335804992658253774e-03 3.124035208708259015e-01
6.438857427240412407e-03 3.145312689011185991e-01
6.543586018883228855e-03 3.166574548983475124e-01
6.650018030431118291e-03 3.187819033396863677e-01
6.758181168161110294e-03 3.209044398035536538e-01
6.868103588995307790e-03 3.230248910177531130e-01
6.979813907830653176e-03 3.251430849066091477e-01
7.093341204987989659e-03 3.272588506370800454e-01
7.208715033782135163e-03 3.293720186638275926e-01
7.325965428215230023e-03 3.314824207732330885e-01
7.445122910795143496e-03 3.335898901263397720e-01
7.566218500481047653e-03 3.356942613007102283e-01
7.689283720758305352e-03 3.377953703311876721e-01
7.814350607844541483e-03 3.398930547495470078e-01
7.941451719029339953e-03 3.419871536230255638e-01
8.070620141149507584e-03 3.440775075917288373e-01
8.201889499202211220e-03 3.461639589048972621e-01
8.335293965098187693e-03 3.482463514560316664e-01
8.470868266557402340e-03 3.503245308168693173e-01
8.608647696149244674e-03 3.523983442702056657e-01
8.748668120479913615e-03 3.544676408415624591e-01
8.890965989529167612e-03 3.565322713296910084e-01
9.035578346138920316e-03 3.585920883359187128e-01
9.182542835656282154e-03 3.606469462923319602e-01
9.331897715733238757e-03 3.626967014887974017e-01
9.483681866285927423e-03 3.647412120988225981e-01
9.637934799615796230e-03 3.667803382042590377e-01
9.794696670695384952e-03 3.688139418188526308e-01
9.954008287621518916e-03 3.708418869106381299e-01
1.011591112223829761e-02 3.728640394231926836e-01
1.028044732093309765e-02 3.748802672957459725e-01
1.044765971560805175e-02 3.768904404821572518e-01
1.061759183482999074e-02 3.788944309687646284e-01
1.079028791516183604e-02 3.808921127911196747e-01
1.096579291267809828e-02 3.828833620496062684e-01
1.114415251466788215e-02 3.848680569239618654e-01
1.132541315152812630e-02 3.868460776867096440e-01
1.150962200885031171e-02 3.888173067155064055e-01
1.169682703970384603e-02 3.907816285044291016e-01
1.188707697711903315e-02 3.927389296741959912e-01
1.208042134677328981e-02 3.946890989813506279e-01
1.227691047988360359e-02 3.966320273264113405e-01
1.247659552630868418e-02 3.985676077610055268e-01
1.267952846786433996e-02 4.004957354939985281e-01
1.288576213185517981e-02 4.024163078966330742e-01
1.309535020482667685e-02 4.043292245066981705e-01
1.330834724654075991e-02 4.062343870317334238e-01
1.352480870417874063e-02 4.081316993512963398e-01
1.374479092677536630e-02 4.100210675182992537e-01
1.396835117988739702e-02 4.119023997594347675e-01
1.419554766050101606e-02 4.137756064747101226e-01
1.442643951218158804e-02 4.156406002361029417e-01
1.466108684046982941e-02 4.174972957853561040e-01
1.489955072852853710e-02 4.193456100309341794e-01
1.514189325304352018e-02 4.211854620441498609e-01
1.538817750038346324e-02 4.230167730544903693e-01
1.563846758302247716e-02 4.248394664441478286e-01
1.589282865622976271e-02 4.266534677417855859e-01
1.615132693503089703e-02 4.284587046155500234e-01
1.641402971144466372e-02 4.302551068653476252e-01
1.668100537200059227e-02 4.320426064144081701e-01
1.695232341554121433e-02 4.338211373001527038e-01
1.722805447131392151e-02 4.355906356643813870e-01
1.750827031735723363e-02 4.373510397428045371e-01
1.779304389918577242e-02 4.391022898539308494e-01
1.808244934877951612e-02 4.408443283873367813e-01
1.837656200388172387e-02 4.425770997913299754e-01
1.867545842761074090e-02 4.443005505600322591e-01
1.897921642839099643e-02 4.460146292198922113e-01
1.928791508020777715e-02 4.477192863156554958e-01
1.960163474319185847e-02 4.494144743958018440e-01
1.992045708453871189e-02 4.511001479974759976e-01
2.024446509976801645e-02 4.527762636309239364e-01
2.057374313432911578e-02 4.544427797634579269e-01
2.090837690555749986e-02 4.560996568029603848e-01
2.124845352498882720e-02 4.577468570809574144e-01
2.159406152103567761e-02 4.593843448352662451e-01
2.194529086203311427e-02 4.610120861922418767e-01
2.230223297965936227e-02 4.626300491486406985e-01
2.266498079273692942e-02 4.642382035531117390e-01
2.303362873142131284e-02 4.658365210873417483e-01
2.340827276178294308e-02 4.674249752468632169e-01
2.378901041078890916e-02 4.690035413215446480e-01
2.417594079169128191e-02 4.705721963757821813e-01
2.456916462982790261e-02 4.721309192284052214e-01
2.496878428884326609e-02 4.736796904323105073e-01
2.537490379733571555e-02 4.752184922538483791e-01
2.578762887593803732e-02 4.767473086519670167e-01
2.620706696483849837e-02 4.782661252571341892e-01
2.663332725174980681e-02 4.797749293500558343e-01
2.706652070033241375e-02 4.812737098401963509e-01
2.750676007908067419e-02 4.827624572441241435e-01
2.795415999067859397e-02 4.842411636636919647e-01
2.840883690183301086e-02 4.857098227640676003e-01
2.887090917359234551e-02 4.871684297516279960e-01
2.934049709215787172e-02 4.886169813517285965e-01
2.981772290019673449e-02 4.900554757863669897e-01
3.030271082866399512e-02 4.914839127517439676e-01
3.079558712914223437e-02 4.929022933957446506e-01
3.129648010670750546e-02 4.943106202953461148e-01
3.180552015332920035e-02 4.957088974339621812e-01
3.232283978181380718e-02 4.970971301787449059e-01
3.284857366030047299e-02 4.984753252578441041e-01
3.338285864731757591e-02 4.998434907376442249e-01
3.392583382740992082e-02 5.012016359999859061e-01
3.447764054734463873e-02 5.025497717193808667e-01
3.503842245290676033e-02 5.038879098402372358e-01
3.560832552629281805e-02 5.052160635540964284e-01
3.618749812411276717e-02 5.065342472768984416e-01
3.677609101601030800e-02 5.078424766262837897e-01
3.737425742391064371e-02 5.091407683989369604e-01
3.798215306190736579e-02 5.104291405479858268e-01
3.859993617679770977e-02 5.117076121604612338e-01
3.922776758927715157e-02 5.129762034348316346e-01
3.986581073580438422e-02 5.142349356586116693e-01
4.051423171114647281e-02 5.154838311860595601e-01
4.117319931161678853e-02 5.167229134159710968e-01
4.184288507901584575e-02 5.179522067695715437e-01
4.252346334528677579e-02 5.191717366685192347e-01
4.321511127789762208e-02 5.203815295130250762e-01
4.391800892596085804e-02 5.215816126600919533e-01
4.463233926710397093e-02 5.227720144018866977e-01
4.535828825510190843e-02 5.239527639442426166e-01
4.609604486828429437e-02 5.251238913853085721e-01
4.684580115873045181e-02 5.262854276943377263e-01
4.760775230226368254e-02 5.274374046906350477e-01
4.838209664925956915e-02 5.285798550226558090e-01
4.916903577628031069e-02 5.297128121472710616e-01
4.996877453854878942e-02 5.308363103091969792e-01
5.078152112327670442e-02 5.319503845205978410e-01
5.160748710385907462e-02 5.330550705408608758e-01
5.244688749495118874e-02 5.341504048565558493e-01
5.329994080844092930e-02 5.352364246615747279e-01
5.416686911033146562e-02 5.363131678374596367e-01
5.504789807854967854e-02 5.373806729339235533e-01
5.594325706169377826e-02 5.384389791495608479e-01
5.685317913873753209e-02 5.394881263127596638e-01
5.777790117970506983e-02 5.405281548628125821e-01
5.871766390733249713e-02 5.415591058312291262e-01
5.967271195973310183e-02 5.425810208232558773e-01
6.064329395408061402e-02 5.435939419996028699e-01
6.162966255132942134e-02 5.445979120583813726e-01
6.263207452198692182e-02 5.455929742172512809e-01
6.365079081295564600e-02 5.465791721957863336e-01
6.468607661546320331e-02 5.475565501980524941e-01
6.573820143409585259e-02 5.485251528954037115e-01
6.680743915695615265e-02 5.494850254094968411e-01
6.789406812696112403e-02 5.504362132955268327e-01
6.899837121430010822e-02 5.513787625256841851e-01
7.012063589007176689e-02 5.523127194728302269e-01
7.126115430111745752e-02 5.532381308944011034e-01
7.242022334607314815e-02 5.541550439165306985e-01
7.359814475265770428e-02 5.550635060184018199e-01
7.479522515621812861e-02 5.559635650168167631e-01
7.601177617955322263e-02 5.568552690510001346e-01
7.724811451403400253e-02 5.577386665676203892e-01
7.850456200204508628e-02 5.586138063060398506e-01
7.978144572076628638e-02 5.594807372837921067e-01
8.107909806731677937e-02 5.603395087822781173e-01
8.239785684528511123e-02 5.611901703326968027e-01
8.373806535266489770e-02 5.620327717021905700e-01
8.510007247122246266e-02 5.628673628802235429e-01
8.648423275731725868e-02 5.636939940651791714e-01
8.789090653419963373e-02 5.645127156511809963e-01
8.932045998580959156e-02 5.653235782151390110e-01
9.077326525210223374e-02 5.661266325040149594e-01
9.224970052592174063e-02 5.669219294223101224e-01
9.375015015145289621e-02 5.677095200197738167e-01
9.527500472427299916e-02 5.684894554793286092e-01
9.682466119303113905e-02 5.692617871052164658e-01
9.839952296278225985e-02 5.700265663113591730e-01
1.000000000000000056e-01 5.707838446099385843e-01
