1.000000000000000021e-08 5.803337361240945569e-04
1.016265089392995110e-08 7.058310995332606197e-04
1.032794731918952445e-08 -7.994943854171543407e-04
1.049593230558226649e-08 5.359181046851180241e-04
1.066664958279538736e-08 -8.103194716687633914e-04
1.084014359178330982e-08 -7.402428601213095760e-04
1.101645949633656934e-08 5.490904630440773815e-04
1.119564319483879355e-08 7.699366967370835368e-04
1.137774133221490262e-08 -6.794225488220284603e-04
1.156280131207375345e-08 4.284834070711340814e-04
1.175087130904807623e-08 -9.544465392341550114e-05
1.194200028133532503e-08 -7.076934383143385077e-05
1.213623798344241837e-08 -2.242595068198127706e-04
1.233363497913774651e-08 -5.734023389892817235e-04
1.253424265461399562e-08 -4.960061900906032051e-04
1.273811323186478490e-08 -2.434522954810613982e-04
1.294529978227915991e-08 -6.784967813693310035e-04
1.315585624045705234e-08 -1.979429650806885377e-04
1.336983741824945163e-08 -3.320595063637243882e-04
1.358729901902709187e-08 2.496595061979300922e-04
1.380829765218092295e-08 4.989724216114543864e-04
1.403289084785873192e-08 1.451190378652933433e-04
1.426113707194129758e-08 -5.796129123714077735e-05
1.449309574126215144e-08 -4.103023003909633815e-04
1.472882723907501811e-08 5.538767945814093707e-04
1.496839293077255471e-08 -2.600813249146183281e-04
1.521185517986104820e-08 1.195366287306542930e-04
1.545927736419478449e-08 1.458529430506949609e-04
1.571072389247448998e-08 -1.150363223159089898e-04
1.596626022101425121e-08 3.725089351884758315e-04
1.622595287078086962e-08 3.424315630474739081e-04
1.648986944471064949e-08 -1.495488293008495617e-04
1.675807864530768860e-08 -1.782384422485128184e-04
1.703065029252842640e-08 2.891908603364079511e-05
1.730765534195724054e-08 -9.125127256437437495e-05
1.758916590327732712e-08 6.057449089347244353e-05
1.787525525904235371e-08 -2.986357939075423573e-04
1.816599788375328570e-08 -2.286807975582227925e-04
1.846146946324545845e-08 -1.946897146113402144e-04
1.876174691439119556e-08 2.347976863295020422e-04
1.906690840512251962e-08 2.990182252080586522e-04
1.937703337477988794e-08 2.517426359802676927e-04
1.969220255479173433e-08 6.773799671766500552e-05
2.001249798969034913e-08 2.301875406628406395e-04
2.033800305846979844e-08 5.591231030210863651e-05
2.066880249629081913e-08 -2.288568856099182369e-04
2.100498241653915160e-08 3.863168084894397225e-05
2.134663033324245531e-08 -6.999378895145014212e-06
2.169383518385182241e-08 -2.016945761869060050e-04
2.204668735239407667e-08 -2.265761143898092911e-04
2.240527869300018155e-08 1.804837795841285342e-04
2.276970255381679834e-08 1.424645078335062820e-04
2.314005380130653974e-08 -3.236012364316032119e-05
2.351642884494350993e-08 2.752125072613686996e-06
2.389892566231047717e-08 1.384841837042127821e-04
2.428764382460450497e-08 -1.543461191433337376e-04
2.468268452255692455e-08 -1.699038511630002191e-04
2.508415059277541100e-08 -6.789748058200206771e-05
2.549214654451425775e-08 4.669156284586861716e-05
2.590677858688006237e-08 -1.794772901873020743e-04
2.632815465648019883e-08 -1.697776065157086123e-04
2.675638444552045216e-08 -1.487493009487694806e-04
2.719157943036018985e-08 9.190095025002342766e-05
2.763385290053172716e-08 1.781780594178883348e-06
2.808331998823169829e-08 9.291164963898257412e-05
2.854009769829237414e-08 -1.284690905400953653e-04
2.900430493863991500e-08 -7.955882894150612117e-05
2.947606255124858740e-08 -1.072613101016361981e-05
2.995549334359816154e-08 -1.121465517819331126e-04
3.044272212064299607e-08 -1.969953962721593399e-05
3.093787571730136651e-08 8.307394030959702746e-05
3.144108303147264744e-08 5.775384512018977290e-05
3.195247505759213554e-08 8.085549003356007347e-05
3.247218492073131890e-08 -3.974021076935674301e-05
3.300034791125282055e-08 -6.658399538428394493e-05
3.353710152002928723e-08 4.288857408962787332e-05
3.408258547423452176e-08 6.075841305785978363e-05
3.463694177371734093e-08 5.525973126174754668e-05
3.520031472796682789e-08 8.780378894468476858e-05
3.577285099367869991e-08 -1.908462013899825394e-05
3.635469961293318112e-08 6.589819498514781770e-05
3.694601205199302233e-08 3.049873282656712092e-05
3.754694224073336784e-08 6.119436752904938714e-05
3.815764661271252174e-08 -3.984873664353294487e-05
3.877828414589453252e-08 5.326150726181477779e-05
3.940901640403447515e-08 7.147625977166338629e-05
4.005000757873611176e-08 6.887995162141447025e-05
4.070142453219439185e-08 1.799117876732925225e-05
4.136343684063277745e-08 6.002891076295480133e-05
4.203621683844717915e-08 3.685105988726622428e-05
4.271993966306776573e-08 5.514949467355645396e-05
4.341478330055092286e-08 6.066420427952579075e-05
4.412092863191190232e-08 2.526708309802394581e-06
4.483855948021190636e-08 -1.734186773849621943e-05
4.556786265841068465e-08 3.977768973595363633e-05
4.630902801799736922e-08 -1.417736610864750446e-05
4.706224849841281539e-08 5.483150807761294487e-05
4.782772017727485049e-08 -4.073533459802991530e-05
4.860564232142138588e-08 -1.803135644196096621e-05
4.939621743878325726e-08 -9.432267887521383898e-06
5.019965133110078918e-08 -7.938698761700280215e-06
5.101615314749833786e-08 4.063024576494989049e-05
5.184593543892912712e-08 -7.525942776864802397e-06
5.268921421350676915e-08 1.796629035422103726e-05
5.354620899273612896e-08 1.509074165506607557e-05
5.441714286865887210e-08 -3.888295567300303901e-05
5.530224256192900145e-08 -2.544898379319704418e-05
5.620173848083188292e-08 -8.906787923312897703e-06
5.711586478126434916e-08 3.100082716422924989e-05
5.804485942768983740e-08 -3.226270098188877000e-06
5.898896425508493303e-08 7.026167950785477956e-06
5.994842503189409424e-08 3.629670795923800597e-06
6.092349152400711584e-08 2.929356962511064921e-05
6.191441755977847689e-08 2.179733543117290395e-05
6.292146109610350070e-08 2.371959469893436534e-05
6.394488428556936010e-08 7.431302199045752843e-06
6.498495354469888085e-08 2.890263708976714696e-05
6.604193962330305823e-08 -2.680902369600612900e-05
6.711611767496286717e-08 3.092130429260819824e-06
6.820776732865692255e-08 -5.002880799964692926e-06
6.931717276155400840e-08 -3.616743596390747939e-06
7.044462277299036794e-08 2.236837703017968693e-05
7.159041085964888045e-08 -8.022708904209530090e-06
7.275483529196231984e-08 6.604067480098230192e-06
7.393819919175873408e-08 8.187711275975395608e-06
7.514081061116961850e-08 -1.899707448538290322e-05
7.636298261282241588e-08 7.046468215587964323e-07
7.760503335133571367e-08 -6.063968535086061706e-07
7.886728615614155644e-08 1.125370769328171150e-05
8.015006961565413044e-08 3.519520539896348055e-06
8.145371766280737258e-08 1.914459013763192274e-06
8.277856966198471773e-08 -1.175880142145757645e-05
8.412497049736118078e-08 -4.459227187392222902e-06
8.549327066268384629e-08 -6.126458109378951633e-06
8.688382635251192821e-08 -2.777304043521944266e-06
8.829699955494083135e-08 2.407869639231563497e-06
8.973315814583520204e-08 6.268163775913215829e-06
9.119267598459297759e-08 -2.495868688057178986e-06
9.267593301146883668e-08 1.336746242719399902e-05
9.418331534647960283e-08 7.974193104720583847e-07
9.571521538991856055e-08 1.257407293953072269e-06
9.727203192450536562e-08 3.310254669264267591e-07
9.885417021919572961e-08 9.607643557951739410e-06
1.004620421346813191e-07 -4.254498476075063707e-06
1.020960662306047507e-07 -8.204820510115951038e-06
1.037566678745184818e-07 -8.877729106626652822e-06
1.054442793526168454e-07 -2.517659445144815322e-06
1.071593399822671165e-07 8.571583685279549059e-06
1.089022962263730555e-07 8.321690875723319891e-06
1.106736018095974501e-07 6.045308650670655481e-06
1.124737178364750763e-07 -2.836969608566164425e-06
1.143031129114478678e-07 -7.741317627152355385e-06
1.161622632608501812e-07 -7.766397499442412311e-06
1.180516528568805511e-07 8.117507025118264607e-06
1.199717735435885631e-07 -1.845848078607659204e-06
1.219231251649109383e-07 1.462132209528732574e-06
1.239062156947915701e-07 -8.552751558088544925e-07
1.259215613694151061e-07 4.625810405167740669e-06
1.279696868215941652e-07 -5.673966349983849966e-06
1.300511252173409858e-07 -6.103867981055444147e-07
1.321664183946603918e-07 4.601816921301349339e-06
1.343161170046015304e-07 4.956177605985878643e-06
1.365007806546013903e-07 4.609558159063276150e-06
1.387209780541621071e-07 -4.808591457461375285e-06
1.409772871628967586e-07 3.615691691716271805e-06
1.432702953409829562e-07 5.279706333238820548e-06
1.456005995020648655e-07 6.415561976003125721e-06
1.479688062686396267e-07 4.893797214911010940e-06
1.503755321299738365e-07 5.151711740647435533e-06
1.528214036025870954e-07 3.322691737972505166e-06
1.553070573933458456e-07 -7.363869019005875316e-07
1.578331405652116518e-07 6.450972787064301883e-07
1.604003107056819881e-07 1.812438713333364149e-06
1.630092360979741138e-07 -2.190737925511498929e-06
1.656605958949915327e-07 -2.918369513826846173e-07
1.683550802961200715e-07 -6.405352552807386246e-07
1.710933907269013290e-07 2.322253366493498561e-06
1.738762400216250540e-07 2.211006608576759902e-06
1.767043526088946617e-07 2.145365438632751420e-06
1.795784647002096697e-07 -1.851143513698083609e-06
1.824993244816150550e-07 -1.844643346182728294e-06
1.854676923084697568e-07 -1.452545486335665714e-06
1.884843409033795357e-07 2.468842439040663805e-06
1.915500555573527936e-07 -1.594609781330191822e-06
1.946656343342263367e-07 3.609575257579322738e-06
1.978318882784162208e-07 3.417445051279166535e-06
2.010496416260497127e-07 8.923959511353274365e-07
2.043197320195270474e-07 2.408769397610477370e-06
2.076430107255774870e-07 3.117443018840759805e-06
2.110203428568596572e-07 -9.986902926861773722e-08
2.144526075971665378e-07 -3.325653697983099732e-07
2.179406984302953533e-07 3.382391550843522054e-06
2.214855233726359380e-07 7.534851445001322645e-07
2.250880052095461857e-07 2.346428002675260416e-06
2.287490817355704078e-07 3.549741074415635467e-06
2.324697059985645525e-07 2.705136130320973109e-06
2.362508465477945104e-07 1.267540046590021063e-06
2.400934876860651595e-07 2.291534454412769151e-06
2.439986297259550047e-07 3.579109029150373544e-06
2.479672892502159966e-07 2.529404414253200173e-06
2.520004993764089383e-07 2.630486495958095361e-06
2.560993100258456838e-07 2.668152047968774809e-06
2.602647881969004651e-07 1.056114208752845229e-06
2.644980182427720070e-07 1.783308823388729536e-06
2.688001021537607504e-07 1.411182806165811598e-06
2.731721598441373654e-07 3.527066518849153454e-06
2.776153294436797922e-07 1.322097288425361228e-06
2.821307675939470486e-07 2.194448728065623300e-06
2.867196497493769966e-07 2.771178161831144848e-06
2.913831704832788474e-07 2.074075386770957152e-06
2.961225437988031500e-07 3.381526029744286177e-06
3.009390034449724303e-07 1.706332126927279091e-06
3.058338032378431566e-07 1.590811842477890536e-06
3.108082173869063920e-07 9.956329344307235374e-07
3.158635408267819256e-07 1.990462796364056430e-06
3.210010895543168453e-07 2.617837374874198986e-06
3.262222009711673251e-07 1.291024471994361988e-06
3.315282342319423480e-07 2.301146548311372442e-06
3.369205705980267328e-07 2.894633328698326125e-06
3.424006137971425436e-07 3.182176833149696904e-06
3.479697903887687909e-07 2.037776750341002696e-06
3.536295501355046578e-07 3.273578269347154901e-06
3.593813663804625413e-07 1.727414866481424838e-06
3.652267364308175408e-07 2.761426684538825782e-06
3.711671819475767101e-07 2.866370804377460502e-06
3.772042493416993616e-07 2.763614034173578204e-06
3.833395101766605394e-07 3.260939713811694673e-06
3.895745615775500918e-07 3.442546380738598089e-06
3.959110266468458876e-07 2.339195665057580698e-06
4.023505548869293084e-07 3.358524319097000443e-06
4.088948226294864306e-07 3.441014669425257466e-06
4.155455334718879651e-07 2.590737263608033913e-06
4.223044187206672270e-07 3.644288542159479505e-06
4.291732378422157257e-07 2.959509187827613630e-06
4.361537789208005614e-07 3.409274582644172824e-06
4.432478591240400518e-07 2.940250778404873699e-06
4.504573251759462753e-07 3.352319145277782297e-06
4.577840538376616380e-07 3.791714217160624401e-06
4.652299523960189011e-07 3.503537415738833261e-06
4.727969591600390720e-07 3.252105013618056262e-06
4.804870439655133784e-07 3.570963642673952165e-06
4.883022086877884378e-07 3.589129235925803130e-06
4.962444877628913673e-07 3.318905954285966686e-06
5.043159487171359161e-07 3.909523269118864164e-06
5.125186927053332351e-07 3.518048818706986935e-06
5.208548550577665794e-07 4.101174910231542015e-06
5.293266058360566796e-07 3.415425543829009314e-06
5.379361503980697196e-07 3.909320830386420198e-06
5.466857299720180573e-07 4.077093447518720382e-06
5.555776222398877301e-07 4.312102048098509499e-06
5.646141419303672361e-07 4.440364129054685804e-06
5.737976414214139612e-07 4.262626467910202166e-06
5.831305113526218361e-07 4.362999824869540078e-06
5.926151812475552896e-07 4.367221708156954207e-06
6.022541201461927509e-07 4.568250841607834900e-06
6.120498372476702854e-07 4.394732921242372470e-06
6.220048825634717926e-07 4.677863190249986758e-06
6.321218475812448096e-07 4.417321945449081966e-06
6.424033659394190549e-07 4.412119840480066557e-06
6.528521141127847315e-07 4.922177387012283134e-06
6.634708121092350418e-07 4.695104986018883153e-06
6.742622241778349095e-07 4.852334023364157645e-06
6.852291595284057501e-07 5.219014781343567222e-06
6.963744730628222709e-07 5.221995914128640948e-06
7.077010661181889092e-07 5.035825138999250328e-06
7.192118872221193113e-07 5.043402009574649014e-06
7.309099328602918614e-07 5.337068483601825619e-06
7.427982482564911104e-07 5.275949811034408299e-06
7.548799281653431580e-07 5.666426205697128182e-06
7.671581176779302778e-07 5.581134007059951330e-06
7.796360130405236458e-07 5.758517981235833361e-06
7.923168624866261349e-07 5.598840936760218767e-06
8.052039670825469881e-07 5.978620203017648294e-06
8.183006815867389787e-07 5.791162858148624082e-06
8.316104153230961550e-07 6.194410001159056378e-06
8.451366330684722093e-07 5.986636340882256491e-06
8.588828559546258306e-07 6.126761670888214439e-06
8.728526623848370902e-07 6.182385750674868063e-06
8.870496889654402904e-07 6.448314165630186778e-06
9.014776314524917028e-07 6.494022410263866618e-06
9.161402457138521424e-07 6.686591292548449417e-06
9.310413487069085223e-07 6.747370839721433811e-06
9.461848194721991931e-07 6.861158503790321106e-06
9.615746001432095654e-07 6.873579042498967340e-06
9.772146969725724298e-07 7.037936070042327685e-06
9.931091813749800272e-07 7.288085781653741435e-06
1.009262190987048422e-06 7.264788185579185154e-06
1.025677930744420800e-06 7.414334499467045703e-06
1.042360673976401061e-06 7.580306017329618840e-06
1.059314763518370023e-06 7.740622284369003125e-06
1.076544612842315852e-06 7.730085554658039371e-06
1.094054707205743622e-06 7.992274018486789089e-06
1.111849604819269788e-06 8.005540393152266176e-06
1.129933938033221742e-06 8.216496969359887714e-06
1.148312414543511196e-06 8.299402836087210744e-06
1.166989818617147488e-06 8.409524712371663213e-06
1.185971012337670574e-06 8.666683541491693177e-06
1.205260936870841443e-06 8.749144582820278515e-06
1.224864613750930682e-06 8.886402670160720163e-06
1.244787146187906095e-06 8.979617341475787384e-06
1.265033720395903716e-06 9.136007856902494950e-06
1.285609606943296477e-06 9.272091332945819886e-06
1.306520162124719865e-06 9.411503563594436628e-06
1.327770829355428974e-06 9.575457592059244405e-06
1.349367140588306489e-06 9.756652941783627853e-06
1.371314717753945535e-06 9.968781706448659463e-06
1.393619274224143468e-06 1.011185380028756242e-05
1.416286616299197281e-06 1.030553329339767288e-05
1.439322644719406585e-06 1.042505067228027826e-05
1.462733356201129952e-06 1.060411352815648911e-05
1.486524844997857111e-06 1.074995748739926427e-05
1.510703304486655702e-06 1.098707828750544735e-05
1.535275028780421201e-06 1.108960010387516348e-05
1.560246414366371105e-06 1.131803111376061821e-05
1.585623961771137209e-06 1.146922251882287469e-05
1.611414277253019916e-06 1.170550464180131200e-05
1.637624074521688946e-06 1.189492772268874177e-05
1.664260176485901778e-06 1.206259887331917469e-05
1.691329517029650428e-06 1.228263870656221002e-05
1.718839142817145670e-06 1.245967556517957320e-05
1.746796215127245610e-06 1.267030227314336344e-05
1.775208011717636075e-06 1.286994796445561917e-05
1.804081928719380951e-06 1.307579590081875409e-05
1.833425482562292654e-06 1.328099592345921565e-05
1.863246311931559818e-06 1.351050096876083018e-05
1.893552179756295206e-06 1.372488134265825721e-05
1.924350975230332279e-06 1.393579433073277585e-05
1.955650715865946999e-06 1.417732781661129593e-05
1.987459549580985976e-06 1.436748367822371364e-05
2.019785756819878467e-06 1.462451759526306461e-05
2.052637752709252226e-06 1.485184477945100667e-05
2.086024089248504694e-06 1.508920814941028254e-05
2.119953457536069015e-06 1.534028075766968868e-05
2.154434690031886471e-06 1.561760612123208602e-05
2.189476762856620668e-06 1.586031341926918969e-05
2.225088798128369440e-06 1.610095616311202349e-05
2.261280066337279372e-06 1.635606162730951496e-05
2.298059988758848964e-06 1.662558092407895316e-05
2.335438139906481616e-06 1.689421552741876553e-05
2.373424250023866098e-06 1.718096855629624997e-05
2.412028207618006978e-06 1.746477750363961690e-05
2.451260062033339965e-06 1.775762294731197954e-05
2.491130026067785964e-06 1.802538591955116232e-05
2.531648478631357950e-06 1.833306442955429105e-05
2.572825967447932223e-06 1.861965660876485629e-05
2.614673211801092052e-06 1.893242990291810202e-05
2.657201105324506616e-06 1.923501454126341770e-05
2.700420718837769789e-06 1.954957427707793016e-05
2.744343303228368328e-06 1.988268689412375778e-05
2.788980292380439744e-06 2.020166399807621360e-05
2.834343306151309184e-06 2.051665670366187300e-05
2.880444153396297871e-06 2.087219617574742614e-05
2.927294835042813193e-06 2.118607971313135607e-05
2.974907547214443381e-06 2.154859436909184467e-05
3.023294684405776334e-06 2.190360868958851626e-05
3.072468842709003493e-06 2.224959953145422276e-05
3.122442823092858074e-06 2.260649589347352162e-05
3.173229634734973124e-06 2.296903892184953833e-05
3.224842498408445454e-06 2.334643215851084364e-05
3.277294849923382168e-06 2.373724310655855874e-05
3.330600343624588548e-06 2.412262917705909615e-05
3.384772855945982993e-06 2.451859409569046022e-05
3.439826489022921063e-06 2.491401184123720469e-05
3.495775574363278632e-06 2.531981614817269133e-05
3.552634676578139464e-06 2.573545744355421050e-05
3.610418597173337456e-06 2.614659759903048553e-05
3.669142378402493899e-06 2.656763216390967131e-05
3.728821307182830034e-06 2.700036566327668197e-05
3.789470919074671417e-06 2.744728931824980123e-05
3.851107002325569028e-06 2.788866815395252274e-05
3.913745601980383925e-06 2.834541413532232212e-05
3.977403024058036353e-06 2.881135376497923062e-05
4.042095839796302090e-06 2.927890441617453376e-05
4.107840889965650877e-06 2.975468392474311941e-05
4.174655289253134888e-06 3.022712597455790018e-05
4.242556430717776958e-06 3.072085598088136749e-05
4.311561990318228494e-06 3.122486376916366879e-05
4.381689931514185333e-06 3.172658321604071574e-05
4.452958509942660131e-06 3.224619433794817525e-05
4.525386278170166693e-06 3.277752590813420852e-05
4.598992090522438309e-06 3.330764224607207780e-05
4.673795107992463609e-06 3.384459612765233771e-05
4.749814803228495024e-06 3.440013512068240686e-05
4.827070965603187770e-06 3.495944928399996599e-05
4.905583706365045857e-06 3.552370266912685537e-05
4.985373463873893773e-06 3.610496614681046879e-05
5.066461008921268308e-06 3.669402488293282971e-05
5.148867450137487247e-06 3.729202708668832855e-05
5.232614239486667200e-06 3.789669804010742382e-05
5.317723177850966182e-06 3.851433253831970660e-05
5.404216420705915271e-06 3.913629961560527448e-05
5.492116483887788865e-06 3.976938839411747750e-05
5.581446249454954941e-06 4.041728844117464803e-05
5.672228971644549552e-06 4.107784669193925708e-05
5.764488282925873171e-06 4.174722230210203833e-05
5.858248200152535830e-06 4.242459178049884372e-05
5.953533130814370033e-06 4.311143514945658950e-05
6.050367879391212089e-06 4.381526586361150777e-05
6.148777653810029084e-06 4.452622108830350811e-05
6.248788072006888211e-06 4.525464667159972976e-05
6.350425168595962254e-06 4.598628833862861143e-05
6.453715401646702034e-06 4.673676305655405372e-05
6.558685659571422142e-06 4.749429545869432445e-05
6.665363268124920326e-06 4.826700871429778772e-05
6.773775997517744987e-06 4.905530585397332999e-05
6.883952069645496021e-06 4.985400113111104758e-05
6.995920165435374508e-06 5.066416807519846799e-05
7.109709432312424079e-06 5.148553164580071950e-05
7.225349491787221566e-06 5.232260597287652359e-05
7.342870447166757580e-06 5.317589324804750106e-05
7.462302891391107415e-06 5.404050735102750025e-05
7.583677914997190766e-06 5.492002966367426353e-05
7.707027114212287592e-06 5.581306248159112471e-05
7.832382599179204906e-06 5.671897406978043676e-05
7.959777002314978321e-06 5.764081191994563369e-05
8.089243486805938269e-06 5.858007724868219412e-05
8.220815755240541055e-06 5.953307268291574417e-05
8.354528058382854806e-06 6.050055195971903998e-05
8.490415204088755231e-06 6.148192350874381873e-05
8.628512566366886081e-06 6.248436042399774237e-05
8.768856094587426870e-06 6.350088441897661085e-05
8.911482322840200959e-06 6.453211884138720933e-05
9.056428379445293633e-06 6.558172584503196845e-05
9.203731996618229962e-06 6.664904637310176128e-05
9.353431520292377225e-06 6.773188278974551224e-05
9.505565920101190930e-06 6.883302966298465719e-05
9.660174799522645609e-06 6.995238424767347141e-05
9.817298406188840434e-06 7.109155477558193326e-05
9.976977642363212323e-06 7.224728564725335644e-05
1.013925407558814327e-05 7.342073214511302126e-05
1.030416994950587402e-05 7.461506989037136606e-05
1.047176819485520245e-05 7.582911104220269038e-05
1.064209244064724650e-05 7.706179717648087291e-05
1.081518702552289214e-05 7.831575084027431188e-05
1.099109700929496075e-05 7.958888112580275731e-05
1.116986818467822625e-05 8.088285305452025398e-05
1.135154708920999101e-05 8.219737058789977624e-05
1.153618101736478473e-05 8.353432275565175757e-05
1.172381803286599682e-05 8.489281122958658443e-05
1.191450698119774729e-05 8.627326447196992376e-05
1.210829750232039467e-05 8.767633915862660388e-05
1.230524004359261647e-05 8.910321674349130916e-05
1.250538587290391306e-05 9.055171973082476455e-05
1.270878709202059429e-05 9.202339074720899958e-05
1.291549665014882683e-05 9.352108267857150992e-05
1.312556835771842841e-05 9.504121327041925582e-05
1.333905690039058705e-05 9.658714498517184666e-05
1.355601785329368979e-05 9.815774160215617883e-05
1.377650769549055046e-05 9.975407027984495301e-05
1.400058382468096031e-05 1.013752046853388933e-04
1.422830457214351858e-05 1.030241164444722912e-04
1.445972921792019565e-05 1.046989043932411434e-04
1.469491800624817218e-05 1.064013857305923239e-04
1.493393216124253386e-05 1.081316611003524386e-04
1.517683390283403825e-05 1.098902131217993627e-04
1.542368646296627532e-05 1.116774454027469332e-04
1.567455410205594862e-05 1.134937493800780572e-04
1.592950212572123044e-05 1.153387954911933022e-04
1.618859690178199096e-05 1.172144719771006649e-04
1.645190587753660725e-05 1.191205565557185153e-04
1.671949759731991612e-05 1.210574462197078205e-04
1.699144172034626135e-05 1.230257224343889177e-04
1.726780903884356100e-05 1.250263894652103858e-04
1.754867149648151891e-05 1.270588643002001916e-04
1.783410220710006182e-05 1.291247975581111262e-04
1.812417547374239337e-05 1.312244109850091434e-04
1.841896680799710997e-05 1.333581496942848332e-04
1.871855294965579252e-05 1.355269982452611544e-04
1.902301188668945850e-05 1.377300551895777048e-04
1.933242287555043403e-05 1.399697217483453215e-04
1.964686646180448403e-05 1.422457141101451938e-04
1.996642450109793374e-05 1.445583899778446479e-04
2.029118018046678154e-05 1.469088582407573895e-04
2.062121803999144521e-05 1.492974243091360620e-04
2.095662399480430758e-05 1.517252061143947728e-04
2.129748535745523187e-05 1.541917246404844732e-04
2.164389086064020347e-05 1.566990576814530911e-04
2.199593068030074845e-05 1.592466979090101376e-04
2.235369645909796436e-05 1.618358897232941018e-04
2.271728133026902697e-05 1.644669651625907392e-04
2.308677994187171946e-05 1.671410984357413199e-04
2.346228848142262524e-05 1.698588762107933192e-04
2.384390470093720405e-05 1.726203112221158520e-04
2.423172794237600676e-05 1.754266931789372208e-04
2.462585916350544169e-05 1.782791809580297482e-04
2.502640096417921810e-05 1.811775122736447585e-04
2.543345761304648090e-05 1.841229343636507920e-04
2.584713507469563873e-05 1.871165894766768645e-04
2.626754103723838489e-05 1.901587687717087860e-04
2.669478494034318111e-05 1.932500442263229701e-04
2.712897800372469909e-05 1.963918938931996649e-04
2.757023325609582679e-05 1.995846814670798608e-04
2.801866556459195316e-05 2.028295937903656920e-04
2.847439166467247799e-05 2.061270345532495440e-04
2.893753019050947418e-05 2.094778886178039201e-04
2.940820170587066820e-05 2.128834294644610381e-04
2.988652873550382686e-05 2.163441660366638430e-04
3.037263579703311443e-05 2.198611943023953685e-04
3.086664943337274645e-05 2.234353938168620601e-04
3.136869824566873116e-05 2.270677977883606147e-04
3.187891292677648815e-05 2.307590286568794724e-04
3.239742629528195378e-05 2.345101194023424540e-04
3.292437333007768632e-05 2.383223588373617474e-04
3.345989120549975091e-05 2.421965512001689191e-04
3.400411932703702948e-05 2.461336708033945442e-04
3.455719936762143251e-05 2.501346450011210365e-04
3.511927530450727994e-05 2.542006789472139872e-04
3.569049345675229896e-05 2.583326576206523839e-04
3.627100252330647985e-05 2.625318439638535395e-04
3.686095362172154264e-05 2.667992703868637960e-04
3.746050032748996612e-05 2.711360620021308065e-04
3.806979871402284228e-05 2.755432360119769442e-04
3.868900739327975645e-05 2.800220561745003778e-04
3.931828755705769966e-05 2.845735879067889940e-04
3.995780301895265397e-05 2.891989979435516389e-04
4.060772025700369657e-05 2.938996438962560021e-04
4.126820845702951608e-05 2.986766329906576090e-04
4.193943955667186254e-05 3.035311082122404969e-04
4.262158829015324943e-05 3.084644531465841055e-04
4.331483223376393757e-05 3.134779535873821743e-04
4.401935185208879207e-05 3.185728618871896956e-04
4.473533054498463085e-05 3.237506144319057810e-04
4.546295469532399562e-05 3.290122810829521072e-04
4.620241371751313139e-05 3.343594815407024967e-04
4.695390010680053220e-05 3.397935398951057451e-04
4.771760948938750521e-05 3.453157777879578560e-04
4.849374067335233355e-05 3.509277666919885519e-04
4.928249570040513461e-05 3.566308971516551907e-04
5.008407989848212116e-05 3.624265157510242474e-04
5.089870193519674814e-05 3.683162905914194596e-04
5.172657387216024049e-05 3.743017505707380010e-04
5.256791122018419400e-05 3.803843098482140306e-04
5.342293299538352475e-05 3.865656630991365361e-04
5.429186177618943007e-05 3.928473565872891982e-04
5.517492376129117199e-05 3.992310562955792008e-04
5.607234882852038467e-05 4.057183718260137795e-04
5.698437059469136365e-05 4.123110820755115924e-04
5.791122647641758420e-05 4.190106705997953540e-04
5.885315775191450485e-05 4.258191123654997412e-04
5.981040962380931695e-05 4.327380739418407174e-04
6.078323128297236501e-05 4.397692475459624717e-04
6.177187597338488134e-05 4.469146449279648436e-04
6.277660105806499695e-05 4.541759526017763449e-04
6.379766808606282991e-05 4.615551578986964998e-04
6.483534286054713498e-05 4.690540663826459067e-04
6.588989550799956058e-05 4.766747050304331879e-04
6.696160054853215278e-05 4.844190355233202183e-04
6.805073696735206717e-05 4.922890013167036116e-04
6.915758828738525219e-05 5.002867245157416320e-04
7.028244264308337646e-05 5.084141695905763925e-04
7.142559285543133394e-05 5.166735132451361068e-04
7.258733650817245705e-05 5.250668551900483649e-04
7.376797602527730984e-05 5.335963892498796213e-04
7.496781874966877322e-05 5.422642898444962611e-04
7.618717702322983626e-05 5.510728341325821233e-04
7.742636826811278249e-05 5.600242604258953705e-04
7.868571506936843291e-05 5.691209233844585214e-04
7.996554525892345903e-05 5.783650873038004292e-04
8.126619200091945365e-05 5.877592466027037332e-04
8.258799387844254533e-05 5.973057372419265931e-04
8.393129498166373591e-05 6.070071033124069260e-04
8.529644499741016815e-05 6.168657608166538964e-04
8.668379930019773523e-05 6.268843571111126778e-04
8.809371904473991286e-05 6.370653726469610589e-04
8.952657125996382206e-05 6.474115140009395475e-04
9.098272894455568119e-05 6.579253911042082237e-04
9.246257116405733111e-05 6.686097769820209535e-04
9.396648314954690162e-05 6.794673659449301795e-04
9.549485639791966557e-05 6.905010012954182486e-04
9.704808877380307014e-05 7.017135049534051205e-04
9.862658461312830713e-05 7.131077542869013186e-04
1.002307548283864352e-04 7.246867423842395795e-04
1.018610170155975281e-04 7.364533778267956521e-04
1.035177955630176228e-04 7.484107537921724784e-04
1.052015217616159118e-04 7.605619316543021924e-04
1.069126339173477141e-04 7.729100196649518750e-04
1.086515774652537295e-04 7.854582313817637385e-04
1.104188050854160164e-04 7.982097625095496696e-04
1.122147768207980290e-04 8.111679133494531513e-04
1.140399601970033122e-04 8.243360387365505915e-04
1.158948303439811801e-04 8.377174928434483192e-04
1.177798701197118084e-04 8.513157295361173382e-04
1.196955702359042841e-04 8.651342561284414145e-04
1.216424293857368039e-04 8.791766091090780222e-04
1.236209543736769146e-04 8.934464264005459455e-04
1.256316602474121533e-04 9.079473429365325643e-04
1.276750704319264313e-04 9.226831109172550782e-04
1.297517168657586742e-04 9.376575031130318649e-04
1.318621401394748458e-04 9.528743761395563894e-04
1.340068896363950598e-04 9.683376363515128205e-04
1.361865236756082756e-04 9.840512592871331066e-04
1.384016096573130147e-04 1.000019261931717196e-03
1.406527242105236439e-04 1.016245748977850916e-03
1.429404533431761061e-04 1.032734889189645955e-03
1.452653925946781202e-04 1.049490927483853753e-03
1.476281471909391145e-04 1.066518129933302639e-03
1.500293322019216613e-04 1.083820896229048536e-03
1.524695727017572945e-04 1.101403634439335200e-03
1.549495039314631646e-04 1.119270868238708694e-03
1.574697714643086743e-04 1.137427171927885006e-03
1.600310313738701764e-04 1.155877194276566655e-03
1.626339504048190531e-04 1.174625662046513419e-03
1.652792061464893926e-04 1.193677384362379357e-03
1.679674872092653225e-04 1.213037225930913010e-03
1.706994934038408014e-04 1.232710139832282614e-03
1.734759359233932583e-04 1.252701169097591993e-03
1.762975375287203833e-04 1.273015428435941843e-03
1.791650327363899435e-04 1.293658097948569008e-03
1.820791680099462359e-04 1.314634468493558472e-03
1.850407019542302061e-04 1.335949890547749597e-03
1.880504055128583358e-04 1.357609812297155827e-03
1.911090621689135881e-04 1.379619775594864706e-03
1.942174681489024571e-04 1.401985380739989573e-03
1.973764326300255292e-04 1.424712353642942908e-03
2.005867779508234102e-04 1.447806485213254390e-03
2.038493398252464264e-04 1.471273665141992204e-03
2.071649675602066755e-04 1.495119877374384565e-03
2.105345242766704040e-04 1.519351203447150134e-03
2.139588871343421563e-04 1.543973814772781061e-03
2.174389475600079977e-04 1.568993984673028308e-03
2.209756114795903147e-04 1.594418080661852422e-03
2.245697995539771826e-04 1.620252578977354752e-03
2.282224474186896198e-04 1.646504052516317707e-03
2.319345059274427543e-04 1.673179173091066119e-03
2.357069413996727843e-04 1.700284728842538229e-03
2.395407358720879286e-04 1.727827607447163238e-03
2.434368873543112913e-04 1.755814802528066210e-03
2.473964100886811538e-04 1.784253427862592112e-03
2.514203348142796828e-04 1.813150693846465877e-03
2.555097090352507149e-04 1.842513942098222834e-03
2.596655972934872546e-04 1.872350618632223629e-03
2.638890814457513006e-04 1.902668284496367157e-03
2.681812609453012686e-04 1.933474624542519393e-03
2.725432531281027707e-04 1.964777443297704984e-03
2.769761935036891046e-04 1.996584664196165981e-03
2.814812360507581339e-04 2.028904341588866345e-03
2.860595535175745148e-04 2.061744649005214924e-03
2.907123377272575549e-04 2.095113892674027589e-03
2.954407998880379709e-04 2.129020500262868154e-03
3.002461709085549389e-04 2.163473043358843384e-03
3.051297017182870593e-04 2.198480220123810724e-03
3.100926635931929671e-04 2.234050861100511653e-03
3.151363484866476195e-04 2.270193941635412216e-03
3.202620693657650080e-04 2.306918573313332388e-03
3.254711605531848163e-04 2.344234010687729075e-03
3.307649780744242331e-04 2.382149651560139247e-03
3.361449000108768324e-04 2.420675035262997987e-03
3.416123268585525207e-04 2.459819859393919117e-03
3.471686818926559680e-04 2.499593962460910923e-03
3.528154115380883050e-04 2.540007342176298089e-03
3.585539857459817017e-04 2.581070144950126100e-03
3.643858983763548090e-04 2.622792679422003559e-03
3.703126675869923340e-04 2.665185411353965250e-03
3.763358362286532656e-04 2.708258966498400255e-03
3.824569722466999088e-04 2.752024139748510123e-03
3.886776690892667719e-04 2.796491887473218085e-03
3.949995461220647160e-04 2.841673337005912181e-03
4.014242490499317709e-04 2.887579785972316238e-03
4.079534503452448896e-04 2.934222707249745099e-03
4.145888496832911426e-04 2.981613750409728425e-03
4.213321743847288901e-04 3.029764741666163275e-03
4.281851798652415507e-04 3.078687688968240188e-03
4.351496500925045312e-04 3.128394785634758257e-03
4.422273980505897289e-04 3.178898411438813021e-03
4.494202662119142376e-04 3.230211134782279281e-03
4.567301270168746923e-04 3.282345716637879995e-03
4.641588833612782196e-04 3.335315111097747476e-03
4.717084690917012373e-04 3.389132472782385719e-03
4.793808495089107069e-04 3.443811153812315062e-03
4.871780218794630885e-04 3.499364709297014819e-03
4.951020159556351191e-04 3.555806903863256707e-03
5.031548945038056761e-04 3.613151707003825486e-03
5.113387538414320560e-04 3.671413301897130665e-03
5.196557243827657369e-04 3.730606085492027546e-03
5.281079711934330654e-04 3.790744674758261823e-03
5.366976945540475642e-04 3.851843903330154362e-03
5.454271305329836403e-04 3.913918832565532746e-03
5.542985515684662997e-04 3.976984749235357164e-03
5.633142670601351629e-04 4.041057169077433286e-03
5.724766239702178735e-04 4.106151841710037331e-03
5.817880074344935256e-04 4.172284754488164715e-03
5.912508413831881436e-04 4.239472131799759680e-03
6.008675891719680948e-04 4.307730443206536641e-03
6.106407542232036075e-04 4.377076402071078398e-03
6.205728806776500623e-04 4.447526973429316577e-03
6.306665540567405869e-04 4.519099373702983868e-03
6.409244019356456464e-04 4.591811075227103522e-03
6.513490946272796050e-04 4.665679811034384450e-03
6.619433458774387925e-04 4.740723576552530183e-03
6.727099135712337041e-04 4.816960633286737625e-03
6.836516004510238267e-04 4.894409513063968653e-03
6.947712548460240100e-04 4.973089021612753236e-03
7.060717714137765624e-04 5.053018242119788894e-03
7.175560918936921447e-04 5.134216536498037442e-03
7.292272058728313045e-04 5.216703553691526274e-03
7.410881515641569396e-04 5.300499228722999057e-03
7.531420165974375561e-04 5.385623789698423813e-03
7.653919388230155619e-04 5.472097758949967528e-03
7.778411071286482192e-04 5.559941958944158991e-03
7.904927622696419996e-04 5.649177515180459075e-03
8.033501977124734390e-04 5.739825859565006461e-03
8.164167604921471590e-04 5.831908734962421015e-03
8.296958520834915238e-04 5.925448198886962281e-03
8.431909292866251451e-04 6.020466627414067240e-03
8.569055051268347108e-04 6.116986718451067340e-03
8.708431497690724121e-04 6.215031497451617426e-03
8.850074914473439122e-04 6.314624319049499945e-03
8.994022174092053228e-04 6.415788873117334035e-03
9.140310748756222403e-04 6.518549187397915112e-03
9.288978720164497516e-04 6.622929632707941217e-03
9.440064789417603299e-04 6.728954925888208649e-03
9.593608287093146345e-04 6.836650135083277569e-03
9.749649183484096178e-04 6.946040682476839478e-03
9.908228099003786767e-04 7.057152349965400973e-03
1.006938631476027041e-03 7.170011282156663057e-03
1.023316578330244831e-03 7.284643991089412296e-03
1.039960913954120214e-03 7.401077360417507300e-03
1.056875971184804974e-03 7.519338649247919726e-03
1.074066153333432362e-03 7.639455497160940745e-03
1.091535935331391146e-03 7.761455927693949874e-03
1.109289864895222780e-03 7.885368352891553023e-03
1.127332563710487130e-03 8.011221577573390817e-03
1.145668728634872567e-03 8.139044803751716017e-03
1.164303132920875691e-03 8.268867634689813784e-03
1.183240627458377906e-03 8.400720079227541603e-03
1.202486142037412220e-03 8.534632556354115884e-03
1.222044686631488684e-03 8.670635899405643165e-03
1.241921352701784659e-03 8.808761360256545103e-03
1.262121314522546191e-03 8.949040613336567418e-03
1.282649830528059809e-03 9.091505760755791421e-03
1.303512244681508938e-03 9.236189336009892337e-03
1.324713987866117399e-03 9.383124308383172796e-03
1.346260579298911089e-03 9.532344087321842352e-03
1.368157627967470612e-03 9.683882526867471086e-03
1.390410834090069709e-03 9.837773929492144021e-03
1.413025990599533653e-03 9.994053050718987308e-03
1.436008984651260603e-03 1.015275510345892140e-02
1.459365799155757639e-03 1.031391576181184266e-02
1.483102514336102819e-03 1.047757116587633153e-02
1.507225309310755452e-03 1.064375792516403241e-02
1.531740463702079740e-03 1.081251312358044725e-02
1.556654359271062099e-03 1.098387432288305821e-02
1.581973481578601405e-03 1.115787956718305995e-02
1.607704421673822109e-03 1.133456738689364585e-02
1.633853877809860388e-03 1.151397680278165581e-02
1.660428657187529473e-03 1.169614732973422999e-02
1.687435677727375672e-03 1.188111898112598208e-02
1.714881969870540998e-03 1.206893227226335519e-02
1.742774678408917253e-03 1.225962822455750612e-02
1.771121064345086834e-03 1.245324836920502776e-02
1.799928506782476562e-03 1.264983475082581688e-02
1.829204504846293749e-03 1.284942993124682520e-02
1.858956679635688372e-03 1.305207699295773960e-02
1.889192776207664374e-03 1.325781954298399512e-02
1.919920665593282836e-03 1.346670171596453525e-02
1.951148346846616304e-03 1.367876817765223407e-02
1.982883949127071596e-03 1.389406412823246395e-02
2.015135733815558595e-03 1.411263530579742742e-02
2.047912096665083313e-03 1.433452798882794976e-02
2.081221569986337061e-03 1.455978899997067977e-02
2.115072824868794756e-03 1.478846570833025620e-02
2.149474673437980470e-03 1.502060603277111106e-02
2.184436071149428466e-03 1.525625844430955613e-02
2.219966119119952484e-03 1.549547196883871436e-02
2.256074066496859074e-03 1.573829618954591947e-02
2.292769312865648810e-03 1.598478124942903644e-02
2.330061410696924844e-03 1.623497785325012099e-02
2.367960067833078681e-03 1.648893726984790309e-02
2.406475150015421893e-03 1.674671133395089218e-02
2.445616683452444227e-03 1.700835244797960222e-02
2.485394857429798314e-03 1.727391358368501884e-02
2.525820026962784671e-03 1.754344828373521903e-02
2.566902715491951956e-03 1.781701066284502311e-02
2.608653617622550599e-03 1.809465540901145086e-02
2.651083601908536293e-03 1.837643778448738718e-02
2.694203713681882304e-03 1.866241362654441627e-02
2.738025177927857611e-03 1.895263934792434934e-02
2.782559402207125665e-03 1.924717193746616761e-02
2.827817979625344216e-03 1.954606896004629224e-02
2.873812691851063313e-03 1.984938855664242219e-02
2.920555512182745027e-03 2.015718944411359903e-02
2.968058608665602276e-03 2.046953091463454832e-02
3.016334347259197381e-03 2.078647283502088605e-02
3.065395295056529829e-03 2.110807564572814155e-02
3.115254223555484914e-03 2.143440035967814072e-02
3.165924111983520629e-03 2.176550856077319462e-02
3.217418150676371654e-03 2.210146240219790226e-02
3.269749744511767954e-03 2.244232460432504794e-02
3.322932516398975026e-03 2.278815845246440208e-02
3.376980310825087803e-03 2.313902779435106360e-02
3.431907197459042706e-03 2.349499703722479627e-02
3.487727474814177487e-03 2.385613114457607598e-02
3.544455673970435625e-03 2.422249563279188500e-02
3.602106562357073553e-03 2.459415656723651367e-02
3.660695147596898513e-03 2.497118055814839810e-02
3.720236681413065759e-03 2.535363475617979923e-02
3.780746663599349276e-03 2.574158684751681747e-02
3.842240846055060884e-03 2.613510504871707774e-02
3.904735236885564006e-03 2.653425810120235706e-02
3.968246104569478003e-03 2.693911526524706002e-02
4.032789982193705006e-03 2.734974631379116783e-02
4.098383671757261509e-03 2.776622152564445223e-02
4.165044248545184992e-03 2.818861167844255444e-02
4.232789065573553354e-03 2.861698804119061634e-02
4.301635758106790719e-03 2.905142236626878649e-02
4.371602248248502090e-03 2.949198688116361211e-02
4.442706749606882902e-03 2.993875427964465263e-02
4.514967772036101654e-03 3.039179771263356145e-02
4.588404126454761513e-03 3.085119077844167279e-02
4.663034929742726313e-03 3.131700751273935879e-02
4.738879609717651029e-03 3.178932237791864956e-02
4.815957910192351227e-03 3.226821025207815552e-02
4.894289896114531989e-03 3.275374641743544757e-02
4.973895958790068052e-03 3.324600654833553826e-02
5.054796821191235093e-03 3.374506669869725695e-02
5.137013543351338918e-03 3.425100328896080182e-02
5.220567527846975073e-03 3.476389309258920424e-02
5.305480525369573805e-03 3.528381322193863134e-02
5.391774640387505396e-03 3.581084111371080070e-02
5.479472336900281099e-03 3.634505451376301988e-02
5.568596444286409188e-03 3.688653146145415285e-02
5.659170163246242738e-03 3.743535027341815535e-02
5.751217071841613696e-03 3.799158952678349799e-02
5.844761131633637551e-03 3.855532804181160955e-02
5.939826693920350481e-03 3.912664486398875763e-02
6.036438506075864248e-03 3.970561924554261157e-02
6.134621717992506419e-03 4.029233062636694562e-02
6.234401888627863660e-03 4.088685861440022329e-02
6.335804992658253774e-03 4.148928296534759586e-02
6.438857427240412407e-03 4.209968356188453775e-02
6.543586018883228855e-03 4.271814039222299186e-02
6.650018030431118291e-03 4.334473352808565494e-02
6.758181168161110294e-03 4.397954310208462836e-02
6.868103588995307790e-03 4.462264928449333201e-02
6.979813907830653176e-03 4.527413225939347363e-02
7.093341204987989659e-03 4.593407220025824689e-02
7.208715033782135163e-03 4.660254924487261530e-02
7.325965428215230023e-03 4.727964346968183129e-02
7.445122910795143496e-03 4.796543486352045083e-02
7.566218500481047653e-03 4.866000330071840185e-02
7.689283720758305352e-03 4.936342851361197326e-02
7.814350607844541483e-03 5.007579006445306291e-02
7.941451719029339953e-03 5.079716731669892127e-02
8.070620141149507584e-03 5.152763940571347678e-02
8.201889499202211220e-03 5.226728520886025908e-02
8.335293965098187693e-03 5.301618331501034564e-02
8.470868266557402340e-03 5.377441199346011391e-02
8.608647696149244674e-03 5.454204916226168542e-02
8.748668120479913615e-03 5.531917235598959870e-02
8.890965989529167612e-03 5.610585869290396488e-02
9.035578346138920316e-03 5.690218484161935208e-02
9.182542835656282154e-03 5.770822698712618770e-02
9.331897715733238757e-03 5.852406079636662817e-02
9.483681866285927423e-03 5.934976138320746664e-02
9.637934799615796230e-03 6.018540327292154490e-02
9.794696670695384952e-03 6.103106036614303065e-02
9.954008287621518916e-03 6.188680590235107193e-02
1.011591112223829761e-02 6.275271242284075068e-02
1.028044732093309765e-02 6.362885173323762356e-02
1.044765971560805175e-02 6.451529486555740434e-02
1.061759183482999074e-02 6.541211203982222333e-02
1.079028791516183604e-02 6.631937262526288457e-02
1.096579291267809828e-02 6.723714510111367115e-02
1.114415251466788215e-02 6.816549701701046793e-02
1.132541315152812630e-02 6.910449495305048817e-02
1.150962200885031171e-02 7.005420447948162987e-02
1.169682703970384603e-02 7.101469011608074755e-02
1.188707697711903315e-02 7.198601529122206077e-02
1.208042134677328981e-02 7.296824230067444628e-02
1.227691047988360359e-02 7.396143226614881883e-02
1.247659552630868418e-02 7.496564509360370554e-02
1.267952846786433996e-02 7.598093943134531791e-02
1.288576213185517981e-02 7.700737262797507920e-02
1.309535020482667685e-02 7.804500069015696262e-02
1.330834724654075991e-02 7.909387824027480640e-02
1.352480870417874063e-02 8.015405847400691730e-02
1.374479092677536630e-02 8.122559311781873959e-02
1.396835117988739702e-02 8.230853238643975889e-02
1.419554766050101606e-02 8.340292494033252346e-02
1.442643951218158804e-02 8.450881784318053924e-02
1.466108684046982941e-02 8.562625651946753624e-02
1.489955072852853710e-02 8.675528471212334836e-02
1.514189325304352018e-02 8.789594444032200471e-02
1.538817750038346324e-02 8.904827595743758373e-02
1.563846758302247716e-02 9.021231770919191373e-02
1.589282865622976271e-02 9.138810629206006730e-02
1.615132693503089703e-02 9.257567641192410157e-02
1.641402971144466372e-02 9.377506084305653467e-02
1.668100537200059227e-02 9.498629038743477970e-02
1.695232341554121433e-02 9.620939383445425985e-02
1.722805447131392151e-02 9.744439792104708786e-02
1.750827031735723363e-02 9.869132729227725331e-02
1.779304389918577242e-02 9.995020446242186551e-02
1.808244934877951612e-02 1.012210497766004025e-01
1.837656200388172387e-02 1.025038813729687304e-01
1.867545842761074090e-02 1.037987151455417312e-01
1.897921642839099643e-02 1.051055647076576394e-01
1.928791508020777715e-02 1.064244413561448166e-01
1.960163474319185847e-02 1.077553540362178319e-01
1.992045708453871189e-02 1.090983093071465904e-01
2.024446509976801645e-02 1.104533113087292628e-01
2.057374313432911578e-02 1.118203617286258611e-01
2.090837690555749986e-02 1.131994597705711092e-01
2.124845352498882720e-02 1.145906021235099104e-01
2.159406152103567761e-02 1.159937829317068125e-01
2.194529086203311427e-02 1.174089937658427951e-01
2.230223297965936227e-02 1.188362235951633261e-01
2.266498079273692942e-02 1.202754587606823522e-01
2.303362873142131284e-02 1.217266829495121661e-01
2.340827276178294308e-02 1.231898771703265894e-01
2.378901041078890916e-02 1.246650197300035456e-01
2.417594079169128191e-02 1.261520862114824393e-01
2.456916462982790261e-02 1.276510494528624307e-01
2.496878428884326609e-02 1.291618795277779119e-01
2.537490379733571555e-02 1.306845437270794941e-01
2.578762887593803732e-02 1.322190065418519245e-01
2.620706696483849837e-02 1.337652296477952474e-01
2.663332725174980681e-02 1.353231718910021808e-01
2.706652070033241375e-02 1.368927892751482522e-01
2.750676007908067419e-02 1.384740349501339951e-01
2.795415999067859397e-02 1.400668592021865333e-01
2.840883690183301086e-02 1.416712094454575244e-01
2.887090917359234551e-02 1.432870302151340036e-01
2.934049709215787172e-02 1.449142631620751187e-01
2.981772290019673449e-02 1.465528470490039537e-01
3.030271082866399512e-02 1.482027177482642122e-01
3.079558712914223437e-02 1.498638082411640760e-01
3.129648010670750546e-02 1.515360486189119005e-01
3.180552015332920035e-02 1.532193660851597361e-01
3.232283978181380718e-02 1.549136849601737698e-01
3.284857366030047299e-02 1.566189266866273577e-01
3.338285864731757591e-02 1.583350098370309711e-01
3.392583382740992082e-02 1.600618501228120438e-01
3.447764054734463873e-02 1.617993604050260714e-01
3.503842245290676033e-02 1.635474507067330441e-01
3.560832552629281805e-02 1.653060282270114589e-01
3.618749812411276717e-02 1.670749973566230118e-01
3.677609101601030800e-02 1.688542596953301889e-01
3.737425742391064371e-02 1.706437140708430000e-01
3.798215306190736579e-02 1.724432565594070654e-01
3.859993617679770977e-02 1.742527805080182901e-01
3.922776758927715157e-02 1.760721765582530240e-01
3.986581073580438422e-02 1.779013326717010512e-01
4.051423171114647281e-02 1.797401341569943023e-01
4.117319931161678853e-02 1.815884636984108624e-01
4.184288507901584575e-02 1.834462013860371776e-01
4.252346334528677579e-02 1.853132247474761352e-01
4.321511127789762208e-02 1.871894087810751506e-01
4.391800892596085804e-02 1.890746259906532778e-01
4.463233926710397093e-02 1.909687464217080244e-01
4.535828825510190843e-02 1.928716376990722292e-01
4.609604486828429437e-02 1.947831650660006853e-01
4.684580115873045181e-02 1.967031914246515356e-01
4.760775230226368254e-02 1.986315773779389060e-01
4.838209664925956915e-02 2.005681812727235780e-01
4.916903577628031069e-02 2.025128592443115050e-01
4.996877453854878942e-02 2.044654652622239777e-01
5.078152112327670442e-02 2.064258511772084637e-01
5.160748710385907462e-02 2.083938667694501534e-01
5.244688749495118874e-02 2.103693597979517937e-01
5.329994080844092930e-02 2.123521760510413969e-01
5.416686911033146562e-02 2.143421593979654149e-01
5.504789807854967854e-02 2.163391518415367365e-01
5.594325706169377826e-02 2.183429935717824399e-01
5.685317913873753209e-02 2.203535230205649897e-01
5.777790117970506983e-02 2.223705769171185898e-01
5.871766390733249713e-02 2.243939903444711614e-01
5.967271195973310183e-02 2.264235967966964358e-01
6.064329395408061402e-02 2.284592282369574123e-01
6.162966255132942134e-02 2.305007151562936674e-01
6.263207452198692182e-02 2.325478866331074368e-01
6.365079081295564600e-02 2.346005703932998454e-01
6.468607661546320331e-02 2.366585928710132070e-01
6.573820143409585259e-02 2.387217792699289909e-01
6.680743915695615265e-02 2.407899536250758254e-01
6.789406812696112403e-02 2.428629388651004639e-01
6.899837121430010822e-02 2.449405568749520867e-01
7.012063589007176689e-02 2.470226285589325332e-01
7.126115430111745752e-02 2.491089739040633910e-01
7.242022334607314815e-02 2.511994120437258671e-01
7.359814475265770428e-02 2.532937613215207051e-01
7.479522515621812861e-02 2.553918393553026300e-01
7.601177617955322263e-02 2.574934631013435782e-01
7.724811451403400253e-02 2.595984489185727551e-01
7.850456200204508628e-02 2.617066126328531084e-01
7.978144572076628638e-02 2.638177696012413698e-01
8.107909806731677937e-02 2.659317347761888106e-01
8.239785684528511123e-02 2.680483227696399684e-01
8.373806535266489770e-02 2.701673479169769410e-01
8.510007247122246266e-02 2.722886243407710571e-01
8.648423275731725868e-02 2.744119660142964046e-01
8.789090653419963373e-02 2.765371868247621379e-01
8.932045998580959156e-02 2.786641006362189366e-01
9.077326525210223374e-02 2.807925213521040853e-01
9.224970052592174063e-02 2.829222629773743281e-01
9.375015015145289621e-02 2.850531396801978534e-01
9.527500472427299916e-02 2.871849658531598903e-01
9.682466119303113905e-02 2.893175561739420587e-01
9.839952296278225985e-02 2.914507256654457201e-01
1.000000000000000056e-01 2.935842897553134767e-01
