1.000000000000000021e-08 5.098120760882451918e-06
1.016265089392995110e-08 5.139999099124104021e-06
1.032794731918952445e-08 5.191369499391029763e-06
1.049593230558226649e-08 5.161684571319824499e-06
1.066664958279538736e-08 4.945476386741809449e-06
1.084014359178330982e-08 5.251521560944993894e-06
1.101645949633656934e-08 5.536355125901337715e-06
1.119564319483879355e-08 5.331566468536053094e-06
1.137774133221490262e-08 5.320418985266250900e-06
1.156280131207375345e-08 5.761362250167323396e-06
1.175087130904807623e-08 5.598853611066267888e-06
1.194200028133532503e-08 5.593358492372857427e-06
1.213623798344241837e-08 5.729846975777164175e-06
1.233363497913774651e-08 6.003821846123358341e-06
1.253424265461399562e-08 6.084835547537359446e-06
1.273811323186478490e-08 6.116356991769933416e-06
1.294529978227915991e-08 6.144013262709968615e-06
1.315585624045705234e-08 6.359408884382133920e-06
1.336983741824945163e-08 6.477512749070157838e-06
1.358729901902709187e-08 6.512634796895788725e-06
1.380829765218092295e-08 6.664160638103489021e-06
1.403289084785873192e-08 6.783464118753634864e-06
1.426113707194129758e-08 6.865692427582281709e-06
1.449309574126215144e-08 7.063634972603871631e-06
1.472882723907501811e-08 7.079355805128528800e-06
1.496839293077255471e-08 7.268876242139121757e-06
1.521185517986104820e-08 7.336000080515603372e-06
1.545927736419478449e-08 7.468402027699383439e-06
1.571072389247448998e-08 7.657504957792049538e-06
1.596626022101425121e-08 7.729497530695184082e-06
1.622595287078086962e-08 7.744712952173493647e-06
1.648986944471064949e-08 7.891871507292869126e-06
1.675807864530768860e-08 8.183192228394808865e-06
1.703065029252842640e-08 8.193825009494837275e-06
1.730765534195724054e-08 8.305878812397970989e-06
1.758916590327732712e-08 8.437851086284808844e-06
1.787525525904235371e-08 8.723853670566938945e-06
1.816599788375328570e-08 8.771056508316554812e-06
1.846146946324545845e-08 9.002869529650681102e-06
1.876174691439119556e-08 9.004716531202383578e-06
1.906690840512251962e-08 9.212777961731255516e-06
1.937703337477988794e-08 9.296101380562582506e-06
1.969220255479173433e-08 9.559179454554644906e-06
2.001249798969034913e-08 9.701207161261216072e-06
2.033800305846979844e-08 9.845162907251570061e-06
2.066880249629081913e-08 1.004822091188461997e-05
2.100498241653915160e-08 1.009998674672551999e-05
2.134663033324245531e-08 1.027823194199584123e-05
2.169383518385182241e-08 1.042955292229752473e-05
2.204668735239407667e-08 1.065317106641039402e-05
2.240527869300018155e-08 1.086863000143711844e-05
2.276970255381679834e-08 1.098027134460721754e-05
2.314005380130653974e-08 1.121527649416975692e-05
2.351642884494350993e-08 1.131927213138261834e-05
2.389892566231047717e-08 1.153355149319246209e-05
2.428764382460450497e-08 1.174823332206198501e-05
2.468268452255692455e-08 1.190504061232555699e-05
2.508415059277541100e-08 1.209732213081071706e-05
2.549214654451425775e-08 1.234788377024731432e-05
2.590677858688006237e-08 1.254591004162808332e-05
2.632815465648019883e-08 1.275404534439861237e-05
2.675638444552045216e-08 1.289628807599196847e-05
2.719157943036018985e-08 1.314353040449134369e-05
2.763385290053172716e-08 1.335444515482286931e-05
2.808331998823169829e-08 1.357555135805821322e-05
2.854009769829237414e-08 1.377656360412871095e-05
2.900430493863991500e-08 1.402173299269726670e-05
2.947606255124858740e-08 1.423892746776900253e-05
2.995549334359816154e-08 1.446617148115336704e-05
3.044272212064299607e-08 1.471513252160328022e-05
3.093787571730136651e-08 1.493511747863163208e-05
3.144108303147264744e-08 1.517253892946435201e-05
3.195247505759213554e-08 1.546160225252002363e-05
3.247218492073131890e-08 1.571349525597565133e-05
3.300034791125282055e-08 1.596156638017376395e-05
3.353710152002928723e-08 1.621212682734185506e-05
3.408258547423452176e-08 1.645653715309780551e-05
3.463694177371734093e-08 1.672580832934311701e-05
3.520031472796682789e-08 1.700601356569020339e-05
3.577285099367869991e-08 1.730407551092660867e-05
3.635469961293318112e-08 1.758927451367409134e-05
3.694601205199302233e-08 1.783986305958773499e-05
3.754694224073336784e-08 1.813863053212738663e-05
3.815764661271252174e-08 1.843489091923888878e-05
3.877828414589453252e-08 1.873744916058850407e-05
3.940901640403447515e-08 1.905518978051468082e-05
4.005000757873611176e-08 1.934470025544143823e-05
4.070142453219439185e-08 1.966596007951793013e-05
4.136343684063277745e-08 1.999487297343893744e-05
4.203621683844717915e-08 2.032424320230763470e-05
4.271993966306776573e-08 2.063828644727205841e-05
4.341478330055092286e-08 2.099257859644598767e-05
4.412092863191190232e-08 2.131584077036396963e-05
4.483855948021190636e-08 2.167491675353350189e-05
4.556786265841068465e-08 2.201499641429904841e-05
4.630902801799736922e-08 2.237880868616315411e-05
4.706224849841281539e-08 2.274436478311159249e-05
4.782772017727485049e-08 2.311222063544615679e-05
4.860564232142138588e-08 2.349378920574185514e-05
4.939621743878325726e-08 2.386834397938297769e-05
5.019965133110078918e-08 2.427031526952561080e-05
5.101615314749833786e-08 2.466788479371651022e-05
5.184593543892912712e-08 2.506512387223658322e-05
5.268921421350676915e-08 2.546978750572748140e-05
5.354620899273612896e-08 2.589002729258549351e-05
5.441714286865887210e-08 2.630191241514978628e-05
5.530224256192900145e-08 2.672186633434492364e-05
5.620173848083188292e-08 2.717396021700846376e-05
5.711586478126434916e-08 2.761041723176038687e-05
5.804485942768983740e-08 2.805740625422270540e-05
5.898896425508493303e-08 2.851757243360619754e-05
5.994842503189409424e-08 2.897106900046075850e-05
6.092349152400711584e-08 2.944265792448330643e-05
6.191441755977847689e-08 2.992403180379632488e-05
6.292146109610350070e-08 3.041817515847533571e-05
6.394488428556936010e-08 3.090948854900243958e-05
6.498495354469888085e-08 3.140668695755799433e-05
6.604193962330305823e-08 3.191998779106253181e-05
6.711611767496286717e-08 3.243728481372443184e-05
6.820776732865692255e-08 3.297224400267140254e-05
6.931717276155400840e-08 3.350091663323340185e-05
7.044462277299036794e-08 3.405450156312994636e-05
7.159041085964888045e-08 3.460713047387375951e-05
7.275483529196231984e-08 3.516494064703667988e-05
7.393819919175873408e-08 3.573679903767779109e-05
7.514081061116961850e-08 3.631933761005790018e-05
7.636298261282241588e-08 3.690513458953770254e-05
7.760503335133571367e-08 3.751089304682153625e-05
7.886728615614155644e-08 3.811811461074121610e-05
8.015006961565413044e-08 3.874184731655905267e-05
8.145371766280737258e-08 3.937225773054109368e-05
8.277856966198471773e-08 4.000859011032975587e-05
8.412497049736118078e-08 4.065997765223539062e-05
8.549327066268384629e-08 4.132181086369257628e-05
8.688382635251192821e-08 4.199233441759542274e-05
8.829699955494083135e-08 4.267388458834009413e-05
8.973315814583520204e-08 4.337033381496269158e-05
9.119267598459297759e-08 4.407647929405289489e-05
9.267593301146883668e-08 4.479479351049420188e-05
9.418331534647960283e-08 4.551981061873267009e-05
9.571521538991856055e-08 4.626406144803141274e-05
9.727203192450536562e-08 4.701458110545342350e-05
9.885417021919572961e-08 4.778120803539120942e-05
1.004620421346813191e-07 4.855692334926331455e-05
1.020960662306047507e-07 4.934600860695415037e-05
1.037566678745184818e-07 5.015111467243649201e-05
1.054442793526168454e-07 5.096355012301767573e-05
1.071593399822671165e-07 5.179082635342613372e-05
1.089022962263730555e-07 5.263684795886458545e-05
1.106736018095974501e-07 5.349040682478545250e-05
1.124737178364750763e-07 5.436067901221086629e-05
1.143031129114478678e-07 5.524663485512171235e-05
1.161622632608501812e-07 5.614430122791169708e-05
1.180516528568805511e-07 5.705817617529529429e-05
1.199717735435885631e-07 5.798656652100664388e-05
1.219231251649109383e-07 5.892799835927053920e-05
1.239062156947915701e-07 5.988784457688911544e-05
1.259215613694151061e-07 6.085854392856582251e-05
1.279696868215941652e-07 6.185036837624835471e-05
1.300511252173409858e-07 6.285664822824887921e-05
1.321664183946603918e-07 6.387770581328666708e-05
1.343161170046015304e-07 6.491685064924368476e-05
1.365007806546013903e-07 6.597267669161688275e-05
1.387209780541621071e-07 6.704394032996940922e-05
1.409772871628967586e-07 6.813440321806751854e-05
1.432702953409829562e-07 6.924267384300630823e-05
1.456005995020648655e-07 7.036964487128205548e-05
1.479688062686396267e-07 7.151334951049914679e-05
1.503755321299738365e-07 7.267670997046504766e-05
1.528214036025870954e-07 7.385829975226076982e-05
1.553070573933458456e-07 7.506010877977864482e-05
1.578331405652116518e-07 7.628127220160596522e-05
1.604003107056819881e-07 7.752061397969800538e-05
1.630092360979741138e-07 7.878109030867719298e-05
1.656605958949915327e-07 8.006256146642076743e-05
1.683550802961200715e-07 8.136554578042076713e-05
1.710933907269013290e-07 8.268782121811923957e-05
1.738762400216250540e-07 8.403238203147367358e-05
1.767043526088946617e-07 8.539908713367516668e-05
1.795784647002096697e-07 8.678787558713541017e-05
1.824993244816150550e-07 8.819890300815202977e-05
1.854676923084697568e-07 8.963422836949508365e-05
1.884843409033795357e-07 9.109068833590416858e-05
1.915500555573527936e-07 9.257201219381450130e-05
1.946656343342263367e-07 9.407792392457370312e-05
1.978318882784162208e-07 9.560790371732075243e-05
2.010496416260497127e-07 9.716252037172967704e-05
2.043197320195270474e-07 9.874214561234051502e-05
2.076430107255774870e-07 1.003482299365421326e-04
2.110203428568596572e-07 1.019798903237889576e-04
2.144526075971665378e-07 1.036382081799347432e-04
2.179406984302953533e-07 1.053235512374905980e-04
2.214855233726359380e-07 1.070357578987213287e-04
2.250880052095461857e-07 1.087762926330615443e-04
2.287490817355704078e-07 1.105452263323591922e-04
2.324697059985645525e-07 1.123428866048881147e-04
2.362508465477945104e-07 1.141700010083290806e-04
2.400934876860651595e-07 1.160262500711217726e-04
2.439986297259550047e-07 1.179128574368970561e-04
2.479672892502159966e-07 1.198300369272820021e-04
2.520004993764089383e-07 1.217787178640072909e-04
2.560993100258456838e-07 1.237587887017443933e-04
2.602647881969004651e-07 1.257715406911552591e-04
2.644980182427720070e-07 1.278159468671713483e-04
2.688001021537607504e-07 1.298941647962514878e-04
2.731721598441373654e-07 1.320066053135393602e-04
2.776153294436797922e-07 1.341527705541745163e-04
2.821307675939470486e-07 1.363344151780188085e-04
2.867196497493769966e-07 1.385511528517735513e-04
2.913831704832788474e-07 1.408040631108997687e-04
2.961225437988031500e-07 1.430930875675473501e-04
3.009390034449724303e-07 1.454196688090991785e-04
3.058338032378431566e-07 1.477846095587764808e-04
3.108082173869063920e-07 1.501873062192959907e-04
3.158635408267819256e-07 1.526291244784427903e-04
3.210010895543168453e-07 1.551105694104215615e-04
3.262222009711673251e-07 1.576326821374207654e-04
3.315282342319423480e-07 1.601957305746859461e-04
3.369205705980267328e-07 1.628001877407303510e-04
3.424006137971425436e-07 1.654474766191738055e-04
3.479697903887687909e-07 1.681370125554693118e-04
3.536295501355046578e-07 1.708707560066358155e-04
3.593813663804625413e-07 1.736488522785517574e-04
3.652267364308175408e-07 1.764722571629961934e-04
3.711671819475767101e-07 1.793412505577407501e-04
3.772042493416993616e-07 1.822569641465321411e-04
3.833395101766605394e-07 1.852200689312910598e-04
3.895745615775500918e-07 1.882315104250187332e-04
3.959110266468458876e-07 1.912918859980905495e-04
4.023505548869293084e-07 1.944016637307477424e-04
4.088948226294864306e-07 1.975622271753740833e-04
4.155455334718879651e-07 2.007740696449156204e-04
4.223044187206672270e-07 2.040380127164009849e-04
4.291732378422157257e-07 2.073550367118759397e-04
4.361537789208005614e-07 2.107261695665219037e-04
4.432478591240400518e-07 2.141519835560101725e-04
4.504573251759462753e-07 2.176331619992977195e-04
4.577840538376616380e-07 2.211712037102353534e-04
4.652299523960189011e-07 2.247667966500666026e-04
4.727969591600390720e-07 2.284205393933147477e-04
4.804870439655133784e-07 2.321337630226683046e-04
4.883022086877884378e-07 2.359074005283678943e-04
4.962444877628913673e-07 2.397422938088533684e-04
5.043159487171359161e-07 2.436394482897563663e-04
5.125186927053332351e-07 2.476000894721108736e-04
5.208548550577665794e-07 2.516248855046754329e-04
5.293266058360566796e-07 2.557151044959571351e-04
5.379361503980697196e-07 2.598718216976214634e-04
5.466857299720180573e-07 2.640960543710546560e-04
5.555776222398877301e-07 2.683888176814308579e-04
5.646141419303672361e-07 2.727514221204652145e-04
5.737976414214139612e-07 2.771848668028376039e-04
5.831305113526218361e-07 2.816902322161363159e-04
5.926151812475552896e-07 2.862688859358586413e-04
6.022541201461927509e-07 2.909218548321490516e-04
6.120498372476702854e-07 2.956504254562064560e-04
6.220048825634717926e-07 3.004558178298921689e-04
6.321218475812448096e-07 3.053391880522005053e-04
6.424033659394190549e-07 3.103020064372241649e-04
6.528521141127847315e-07 3.153452689514946172e-04
6.634708121092350418e-07 3.204705302406463119e-04
6.742622241778349095e-07 3.256790912882223665e-04
6.852291595284057501e-07 3.309721635884610436e-04
6.963744730628222709e-07 3.363511357059589812e-04
7.077010661181889092e-07 3.418175570559789378e-04
7.192118872221193113e-07 3.473727212517374596e-04
7.309099328602918614e-07 3.530180324011755744e-04
7.427982482564911104e-07 3.587550185881749343e-04
7.548799281653431580e-07 3.645851727200888348e-04
7.671581176779302778e-07 3.705100178520437382e-04
7.796360130405236458e-07 3.765311245703673038e-04
7.923168624866261349e-07 3.826499096425406421e-04
8.052039670825469881e-07 3.888680484723794351e-04
8.183006815867389787e-07 3.951870923454281481e-04
8.316104153230961550e-07 4.016088043090615400e-04
8.451366330684722093e-07 4.081346612305747357e-04
8.588828559546258306e-07 4.147665554681267963e-04
8.728526623848370902e-07 4.215060469888731731e-04
8.870496889654402904e-07 4.283549978131295788e-04
9.014776314524917028e-07 4.353151053667625447e-04
9.161402457138521424e-07 4.423881128019502285e-04
9.310413487069085223e-07 4.495760096380196913e-04
9.461848194721991931e-07 4.568805341990112012e-04
9.615746001432095654e-07 4.643035861796596109e-04
9.772146969725724298e-07 4.718471814807445597e-04
9.931091813749800272e-07 4.795131076912317880e-04
1.009262190987048422e-06 4.873034940806597604e-04
1.025677930744420800e-06 4.952202862554822005e-04
1.042360673976401061e-06 5.032655588937950952e-04
1.059314763518370023e-06 5.114413580348253774e-04
1.076544612842315852e-06 5.197497973050690945e-04
1.094054707205743622e-06 5.281930721022787267e-04
1.111849604819269788e-06 5.367733234949989551e-04
1.129933938033221742e-06 5.454927827454048028e-04
1.148312414543511196e-06 5.543536718323194279e-04
1.166989818617147488e-06 5.633583009732046065e-04
1.185971012337670574e-06 5.725090466818238966e-04
1.205260936870841443e-06 5.818081751980397343e-04
1.224864613750930682e-06 5.912581840772368480e-04
1.244787146187906095e-06 6.008614256131084019e-04
1.265033720395903716e-06 6.106204585692998066e-04
1.285609606943296477e-06 6.205377279270285484e-04
1.306520162124719865e-06 6.306158539441941713e-04
1.327770829355428974e-06 6.408573763847513760e-04
1.349367140588306489e-06 6.512650066622382994e-04
1.371314717753945535e-06 6.618413899274200318e-04
1.393619274224143468e-06 6.725892531325161627e-04
1.416286616299197281e-06 6.835113675772719333e-04
1.439322644719406585e-06 6.946105536370650313e-04
1.462733356201129952e-06 7.058896825749005899e-04
1.486524844997857111e-06 7.173516430022397472e-04
1.510703304486655702e-06 7.289993939150196667e-04
1.535275028780421201e-06 7.408359550382659364e-04
1.560246414366371105e-06 7.528643589124195401e-04
1.585623961771137209e-06 7.650876959774954855e-04
1.611414277253019916e-06 7.775091448768423064e-04
1.637624074521688946e-06 7.901318652689948152e-04
1.664260176485901778e-06 8.029591365040777973e-04
1.691329517029650428e-06 8.159942539072151391e-04
1.718839142817145670e-06 8.292405706198380244e-04
1.746796215127245610e-06 8.427014793854770147e-04
1.775208011717636075e-06 8.563804535565155973e-04
1.804081928719380951e-06 8.702810230416524462e-04
1.833425482562292654e-06 8.844067418030121530e-04
1.863246311931559818e-06 8.987612652769927379e-04
1.893552179756295206e-06 9.133482695656836015e-04
1.924350975230332279e-06 9.281715004656465595e-04
1.955650715865946999e-06 9.432347679199093449e-04
1.987459549580985976e-06 9.585419512901927064e-04
2.019785756819878467e-06 9.740969587836989518e-04
2.052637752709252226e-06 9.899038232248358327e-04
2.086024089248504694e-06 1.005966563151550197e-03
2.119953457536069015e-06 1.022289325873559918e-03
2.154434690031886471e-06 1.038876298774193963e-03
2.189476762856620668e-06 1.055731715513652524e-03
2.225088798128369440e-06 1.072859923830327133e-03
2.261280066337279372e-06 1.090265300982440344e-03
2.298059988758848964e-06 1.107952328082917326e-03
2.335438139906481616e-06 1.125925507759473199e-03
2.373424250023866098e-06 1.144189467311762520e-03
2.412028207618006978e-06 1.162748884067088539e-03
2.451260062033339965e-06 1.181608501653830245e-03
2.491130026067785964e-06 1.200773153962275686e-03
2.531648478631357950e-06 1.220247747508507175e-03
2.572825967447932223e-06 1.240037262246529437e-03
2.614673211801092052e-06 1.260146768804148998e-03
2.657201105324506616e-06 1.280581396252866710e-03
2.700420718837769789e-06 1.301346382991175332e-03
2.744343303228368328e-06 1.322447019185823969e-03
2.788980292380439744e-06 1.343888719017916067e-03
2.834343306151309184e-06 1.365676938664850404e-03
2.880444153396297871e-06 1.387817255122159033e-03
2.927294835042813193e-06 1.410315320334531997e-03
2.974907547214443381e-06 1.433176866802110538e-03
3.023294684405776334e-06 1.456407732622344575e-03
3.072468842709003493e-06 1.480013843123906270e-03
3.122442823092858074e-06 1.504001212506711482e-03
3.173229634734973124e-06 1.528375956069361052e-03
3.224842498408445454e-06 1.553144285518670564e-03
3.277294849923382168e-06 1.578312510652102318e-03
3.330600343624588548e-06 1.603887035590334520e-03
3.384772855945982993e-06 1.629874370514317050e-03
3.439826489022921063e-06 1.656281127673575604e-03
3.495775574363278632e-06 1.683114022116072306e-03
3.552634676578139464e-06 1.710379874741763118e-03
3.610418597173337456e-06 1.738085611892814519e-03
3.669142378402493899e-06 1.766238273154141503e-03
3.728821307182830034e-06 1.794845010008927488e-03
3.789470919074671417e-06 1.823913079143313354e-03
3.851107002325569028e-06 1.853449858637890024e-03
3.913745601980383925e-06 1.883462836044347277e-03
3.977403024058036353e-06 1.913959622286354190e-03
4.042095839796302090e-06 1.944947943951613745e-03
4.107840889965650877e-06 1.976435647748742142e-03
4.174655289253134888e-06 2.008430709702357930e-03
4.242556430717776958e-06 2.040941220239567144e-03
4.311561990318228494e-06 2.073975408760531103e-03
4.381689931514185333e-06 2.107541620554487238e-03
4.452958509942660131e-06 2.141648339356150288e-03
4.525386278170166693e-06 2.176304181605526189e-03
4.598992090522438309e-06 2.211517895619907748e-03
4.673795107992463609e-06 2.247298362593186383e-03
4.749814803228495024e-06 2.283654610793606210e-03
4.827070965603187770e-06 2.320595802536296048e-03
4.905583706365045857e-06 2.358131245178474167e-03
4.985373463873893773e-06 2.396270387371557398e-03
5.066461008921268308e-06 2.435022829466726435e-03
5.148867450137487247e-06 2.474398316467896208e-03
5.232614239486667200e-06 2.514406749120956519e-03
5.317723177850966182e-06 2.555058178530855706e-03
5.404216420705915271e-06 2.596362808747199047e-03
5.492116483887788865e-06 2.638331006943772650e-03
5.581446249454954941e-06 2.680973300035471851e-03
5.672228971644549552e-06 2.724300372317856045e-03
5.764488282925873171e-06 2.768323080716172946e-03
5.858248200152535830e-06 2.813052440820862365e-03
5.953533130814370033e-06 2.858499645931433797e-03
6.050367879391212089e-06 2.904676057852717541e-03
6.148777653810029084e-06 2.951593211615977097e-03
6.248788072006888211e-06 2.999262822026449449e-03
6.350425168595962254e-06 3.047696784222453381e-03
6.453715401646702034e-06 3.096907172780660744e-03
6.558685659571422142e-06 3.146906248822745056e-03
6.665363268124920326e-06 3.197706461775862152e-03
6.773775997517744987e-06 3.249320451108039798e-03
6.883952069645496021e-06 3.301761047760365386e-03
6.995920165435374508e-06 3.355041279805903720e-03
7.109709432312424079e-06 3.409174374542689456e-03
7.225349491787221566e-06 3.464173758369382128e-03
7.342870447166757580e-06 3.520053064134276433e-03
7.462302891391107415e-06 3.576826129413235300e-03
7.583677914997190766e-06 3.634507003842268880e-03
7.707027114212287592e-06 3.693109948570749701e-03
7.832382599179204906e-06 3.752649441230548888e-03
7.959777002314978321e-06 3.813140177121532304e-03
8.089243486805938269e-06 3.874597076585217792e-03
8.220815755240541055e-06 3.937035279628742224e-03
8.354528058382854806e-06 4.000470160097635564e-03
8.490415204088755231e-06 4.064917317532112939e-03
8.628512566366886081e-06 4.130392590864562230e-03
8.768856094587426870e-06 4.196912052113921376e-03
8.911482322840200959e-06 4.264492016832432952e-03
9.056428379445293633e-06 4.333149043888040453e-03
9.203731996618229962e-06 4.402899938715787442e-03
9.353431520292377225e-06 4.473761759057892640e-03
9.505565920101190930e-06 4.545751814262644075e-03
9.660174799522645609e-06 4.618887673887628331e-03
9.817298406188840434e-06 4.693187165518364345e-03
9.976977642363212323e-06 4.768668382702179187e-03
1.013925407558814327e-05 4.845349687278899253e-03
1.030416994950587402e-05 4.923249709899102378e-03
1.047176819485520245e-05 5.002387359203996908e-03
1.064209244064724650e-05 5.082781819930159983e-03
1.081518702552289214e-05 5.164452559903831563e-03
1.099109700929496075e-05 5.247419332783387347e-03
1.116986818467822625e-05 5.331702181138098240e-03
1.135154708920999101e-05 5.417321440836508906e-03
1.153618101736478473e-05 5.504297744280850502e-03
1.172381803286599682e-05 5.592652025531164028e-03
1.191450698119774729e-05 5.682405522562050670e-03
1.210829750232039467e-05 5.773579780971593856e-03
1.230524004359261647e-05 5.866196659252254086e-03
1.250538587290391306e-05 5.960278331639923266e-03
1.270878709202059429e-05 6.055847292545046834e-03
1.291549665014882683e-05 6.152926360190824617e-03
1.312556835771842841e-05 6.251538680194790309e-03
1.333905690039058705e-05 6.351707731192979267e-03
1.355601785329368979e-05 6.453457326284439688e-03
1.377650769549055046e-05 6.556811619606972563e-03
1.400058382468096031e-05 6.661795108605095272e-03
1.422830457214351858e-05 6.768432639221888536e-03
1.445972921792019565e-05 6.876749409416627046e-03
1.469491800624817218e-05 6.986770973504308202e-03
1.493393216124253386e-05 7.098523246611532223e-03
1.517683390283403825e-05 7.212032508031374078e-03
1.542368646296627532e-05 7.327325406178641920e-03
1.567455410205594862e-05 7.444428962839033659e-03
1.592950212572123044e-05 7.563370576535666245e-03
1.618859690178199096e-05 7.684178027975274716e-03
1.645190587753660725e-05 7.806879483009510068e-03
1.671949759731991612e-05 7.931503497925929125e-03
1.699144172034626135e-05 8.058079023656072870e-03
1.726780903884356100e-05 8.186635409475617742e-03
1.754867149648151891e-05 8.317202407162493927e-03
1.783410220710006182e-05 8.449810176836658471e-03
1.812417547374239337e-05 8.584489288921193229e-03
1.841896680799710997e-05 8.721270730751240485e-03
1.871855294965579252e-05 8.860185909317253028e-03
1.902301188668945850e-05 9.001266656203266159e-03
1.933242287555043403e-05 9.144545231940526264e-03
1.964686646180448403e-05 9.290054329904040564e-03
1.996642450109793374e-05 9.437827081162364351e-03
2.029118018046678154e-05 9.587897058273675555e-03
2.062121803999144521e-05 9.740298280106252093e-03
2.095662399480430758e-05 9.895065215478116016e-03
2.129748535745523187e-05 1.005223278802713782e-02
2.164389086064020347e-05 1.021183638007194805e-02
2.199593068030074845e-05 1.037391183676728001e-02
2.235369645909796436e-05 1.053849547063956393e-02
2.271728133026902697e-05 1.070562406548181134e-02
2.308677994187171946e-05 1.087533488087655265e-02
2.346228848142262524e-05 1.104766565578629844e-02
2.384390470093720405e-05 1.122265461288363131e-02
2.423172794237600676e-05 1.140034046285975933e-02
2.462585916350544169e-05 1.158076240793270983e-02
2.502640096417921810e-05 1.176396014623581898e-02
2.543345761304648090e-05 1.194997387564400437e-02
2.584713507469563873e-05 1.213884429738409931e-02
2.626754103723838489e-05 1.233061262025314520e-02
2.669478494034318111e-05 1.252532056416055806e-02
2.712897800372469909e-05 1.272301036386958017e-02
2.757023325609582679e-05 1.292372477249015272e-02
2.801866556459195316e-05 1.312750706551046864e-02
2.847439166467247799e-05 1.333440104375704927e-02
2.893753019050947418e-05 1.354445103714063681e-02
2.940820170587066820e-05 1.375770190802061421e-02
2.988652873550382686e-05 1.397419905435337562e-02
3.037263579703311443e-05 1.419398841284735813e-02
3.086664943337274645e-05 1.441711646216703446e-02
3.136869824566873116e-05 1.464363022592296559e-02
3.187891292677648815e-05 1.487357727547655717e-02
3.239742629528195378e-05 1.510700573264545099e-02
3.292437333007768632e-05 1.534396427267470386e-02
3.345989120549975091e-05 1.558450212642514821e-02
3.400411932703702948e-05 1.582866908311553189e-02
3.455719936762143251e-05 1.607651549235200594e-02
3.511927530450727994e-05 1.632809226653397783e-02
3.569049345675229896e-05 1.658345088262502820e-02
3.627100252330647985e-05 1.684264338440932818e-02
3.686095362172154264e-05 1.710572238381347088e-02
3.746050032748996612e-05 1.737274106275044083e-02
3.806979871402284228e-05 1.764375317445787683e-02
3.868900739327975645e-05 1.791881304475206882e-02
3.931828755705769966e-05 1.819797557305724567e-02
3.995780301895265397e-05 1.848129623337335659e-02
4.060772025700369657e-05 1.876883107485860513e-02
4.126820845702951608e-05 1.906063672253976993e-02
4.193943955667186254e-05 1.935677037739691464e-02
4.262158829015324943e-05 1.965728981655923135e-02
4.331483223376393757e-05 1.996225339317736491e-02
4.401935185208879207e-05 2.027172003615929086e-02
4.473533054498463085e-05 2.058574924942990769e-02
4.546295469532399562e-05 2.090440111126368183e-02
4.620241371751313139e-05 2.122773627313545575e-02
4.695390010680053220e-05 2.155581595853828247e-02
4.771760948938750521e-05 2.188870196129222290e-02
4.849374067335233355e-05 2.222645664372735475e-02
4.928249570040513461e-05 2.256914293464340471e-02
5.008407989848212116e-05 2.291682432688557647e-02
5.089870193519674814e-05 2.326956487461728784e-02
5.172657387216024049e-05 2.362742919037597034e-02
5.256791122018419400e-05 2.399048244177126588e-02
5.342293299538352475e-05 2.435879034787924446e-02
5.429186177618943007e-05 2.473241917529001022e-02
5.517492376129117199e-05 2.511143573385865579e-02
5.607234882852038467e-05 2.549590737210782887e-02
5.698437059469136365e-05 2.588590197221718459e-02
5.791122647641758420e-05 2.628148794477536132e-02
5.885315775191450485e-05 2.668273422303246711e-02
5.981040962380931695e-05 2.708971025689477230e-02
6.078323128297236501e-05 2.750248600643712127e-02
6.177187597338488134e-05 2.792113193507428370e-02
6.277660105806499695e-05 2.834571900238480602e-02
6.379766808606282991e-05 2.877631865634522335e-02
6.483534286054713498e-05 2.921300282535621573e-02
6.588989550799956058e-05 2.965584390973674545e-02
6.696160054853215278e-05 3.010491477274901406e-02
6.805073696735206717e-05 3.056028873127514256e-02
6.915758828738525219e-05 3.102203954595328383e-02
7.028244264308337646e-05 3.149024141088896389e-02
7.142559285543133394e-05 3.196496894295874913e-02
7.258733650817245705e-05 3.244629717046776385e-02
7.376797602527730984e-05 3.293430152152077017e-02
7.496781874966877322e-05 3.342905781178207025e-02
7.618717702322983626e-05 3.393064223173314353e-02
7.742636826811278249e-05 3.443913133348397437e-02
7.868571506936843291e-05 3.495460201698308289e-02
7.996554525892345903e-05 3.547713151581088908e-02
8.126619200091945365e-05 3.600679738233614202e-02
8.258799387844254533e-05 3.654367747239450903e-02
8.393129498166373591e-05 3.708784992941105418e-02
8.529644499741016815e-05 3.763939316796327539e-02
8.668379930019773523e-05 3.819838585679269372e-02
8.809371904473991286e-05 3.876490690124456684e-02
8.952657125996382206e-05 3.933903542514560758e-02
9.098272894455568119e-05 3.992085075211271317e-02
9.246257116405733111e-05 4.051043238625295917e-02
9.396648314954690162e-05 4.110785999233368404e-02
9.549485639791966557e-05 4.171321337528333117e-02
9.704808877380307014e-05 4.232657245917892386e-02
9.862658461312830713e-05 4.294801726559138721e-02
1.002307548283864352e-04 4.357762789133945436e-02
1.018610170155975281e-04 4.421548448564516232e-02
1.035177955630176228e-04 4.486166722667084272e-02
1.052015217616159118e-04 4.551625629747080293e-02
1.069126339173477141e-04 4.617933186131240042e-02
1.086515774652537295e-04 4.685097403640847702e-02
1.104188050854160164e-04 4.753126287001530059e-02
1.122147768207980290e-04 4.822027831194863889e-02
1.140399601970033122e-04 4.891810018745246236e-02
1.158948303439811801e-04 4.962480816951186924e-02
1.177798701197118084e-04 5.034048175052674434e-02
1.196955702359042841e-04 5.106520021335414494e-02
1.216424293857368039e-04 5.179904260183088027e-02
1.236209543736769146e-04 5.254208769062473916e-02
1.256316602474121533e-04 5.329441395452660934e-02
1.276750704319264313e-04 5.405609953715206917e-02
1.297517168657586742e-04 5.482722221907010418e-02
1.318621401394748458e-04 5.560785938533807649e-02
1.340068896363950598e-04 5.639808799248446913e-02
1.361865236756082756e-04 5.719798453493685209e-02
1.384016096573130147e-04 5.800762501089207213e-02
1.406527242105236439e-04 5.882708488763888077e-02
1.429404533431761061e-04 5.965643906637629890e-02
1.452653925946781202e-04 6.049576184648963739e-02
1.476281471909391145e-04 6.134512688933402291e-02
1.500293322019216613e-04 6.220460718151399337e-02
1.524695727017572945e-04 6.307427499770135171e-02
1.549495039314631646e-04 6.395420186297429144e-02
1.574697714643086743e-04 6.484445851470987954e-02
1.600310313738701764e-04 6.574511486404599481e-02
1.626339504048190531e-04 6.665623995693248371e-02
1.652792061464893926e-04 6.757790193478130369e-02
1.679674872092653225e-04 6.851016799473330643e-02
1.706994934038408014e-04 6.945310434957896462e-02
1.734759359233932583e-04 7.040677618732671394e-02
1.762975375287203833e-04 7.137124763047264508e-02
1.791650327363899435e-04 7.234658169496854807e-02
1.820791680099462359e-04 7.333284024891084663e-02
1.850407019542302061e-04 7.433008397100593356e-02
1.880504055128583358e-04 7.533837230879669722e-02
1.911090621689135881e-04 7.635776343670219735e-02
1.942174681489024571e-04 7.738831421388780996e-02
1.973764326300255292e-04 7.843008014200303357e-02
2.005867779508234102e-04 7.948311532279672686e-02
2.038493398252464264e-04 8.054747241565407556e-02
2.071649675602066755e-04 8.162320259509203701e-02
2.105345242766704040e-04 8.271035550821448368e-02
2.139588871343421563e-04 8.380897923219776668e-02
2.174389475600079977e-04 8.491912023180137048e-02
2.209756114795903147e-04 8.604082331696549790e-02
2.245697995539771826e-04 8.717413160052178700e-02
2.282224474186896198e-04 8.831908645602748464e-02
2.319345059274427543e-04 8.947572747580068153e-02
2.357069413996727843e-04 9.064409242915449916e-02
2.395407358720879286e-04 9.182421722089184613e-02
2.434368873543112913e-04 9.301613585007306728e-02
2.473964100886811538e-04 9.421988036911854714e-02
2.514203348142796828e-04 9.543548084326702874e-02
2.555097090352507149e-04 9.666296531043239160e-02
2.596655972934872546e-04 9.790235974149041898e-02
2.638890814457513006e-04 9.915368800105672786e-02
2.681812609453012686e-04 1.004169718087557506e-01
2.725432531281027707e-04 1.016922307010615922e-01
2.769761935036891046e-04 1.029794819937112083e-01
2.814812360507581339e-04 1.042787407447672843e-01
2.860595535175745148e-04 1.055900197183309297e-01
2.907123377272575549e-04 1.069133293489743508e-01
2.954407998880379709e-04 1.082486777069163741e-01
3.002461709085549389e-04 1.095960704639850070e-01
3.051297017182870593e-04 1.109555108604031171e-01
3.100926635931929671e-04 1.123269996724374220e-01
3.151363484866476195e-04 1.137105351809518661e-01
3.202620693657650080e-04 1.151061131408925853e-01
3.254711605531848163e-04 1.165137267517633024e-01
3.307649780744242331e-04 1.179333666290990346e-01
3.361449000108768324e-04 1.193650207770013960e-01
3.416123268585525207e-04 1.208086745617535929e-01
3.471686818926559680e-04 1.222643106865636264e-01
3.528154115380883050e-04 1.237319091674551341e-01
3.585539857459817017e-04 1.252114473103599357e-01
3.643858983763548090e-04 1.267028996894226101e-01
3.703126675869923340e-04 1.282062381265692830e-01
3.763358362286532656e-04 1.297214316723576122e-01
3.824569722466999088e-04 1.312484465881500473e-01
3.886776690892667719e-04 1.327872463296291272e-01
3.949995461220647160e-04 1.343377915316882332e-01
4.014242490499317709e-04 1.359000399947301041e-01
4.079534503452448896e-04 1.374739466723857717e-01
4.145888496832911426e-04 1.390594636606931056e-01
4.213321743847288901e-04 1.406565401887469591e-01
4.281851798652415507e-04 1.422651226108523348e-01
4.351496500925045312e-04 1.438851544001918947e-01
4.422273980505897289e-04 1.455165761440391226e-01
4.494202662119142376e-04 1.471593255405225786e-01
4.567301270168746923e-04 1.488133373969616757e-01
4.641588833612782196e-04 1.504785436298013979e-01
4.717084690917012373e-04 1.521548732661326397e-01
4.793808495089107069e-04 1.538422524468421315e-01
4.871780218794630885e-04 1.555406044313708547e-01
4.951020159556351191e-04 1.572498496041151439e-01
5.031548945038056761e-04 1.589699054824623703e-01
5.113387538414320560e-04 1.607006867264683114e-01
5.196557243827657369e-04 1.624421051501885316e-01
5.281079711934330654e-04 1.641940697346492284e-01
5.366976945540475642e-04 1.659564866424784180e-01
5.454271305329836403e-04 1.677292592341724786e-01
5.542985515684662997e-04 1.695122880860183701e-01
5.633142670601351629e-04 1.713054710096463262e-01
5.724766239702178735e-04 1.731087030732160192e-01
5.817880074344935256e-04 1.749218766242289780e-01
5.912508413831881436e-04 1.767448813139494979e-01
6.008675891719680948e-04 1.785776041234289346e-01
6.106407542232036075e-04 1.804199293911148416e-01
6.205728806776500623e-04 1.822717388420312945e-01
6.306665540567405869e-04 1.841329116185145276e-01
6.409244019356456464e-04 1.860033243124806779e-01
6.513490946272796050e-04 1.878828509992105378e-01
6.619433458774387925e-04 1.897713632726230060e-01
6.727099135712337041e-04 1.916687302820219152e-01
6.836516004510238267e-04 1.935748187702802658e-01
6.947712548460240100e-04 1.954894931134434355e-01
7.060717714137765624e-04 1.974126153617209445e-01
7.175560918936921447e-04 1.993440452818360242e-01
7.292272058728313045e-04 2.012836404007000146e-01
7.410881515641569396e-04 2.032312560503839460e-01
7.531420165974375561e-04 2.051867454143502245e-01
7.653919388230155619e-04 2.071499595749098921e-01
7.778411071286482192e-04 2.091207475618689360e-01
7.904927622696419996e-04 2.110989564023282306e-01
8.033501977124734390e-04 2.130844311715951456e-01
8.164167604921471590e-04 2.150770150451705165e-01
8.296958520834915238e-04 2.170765493517692324e-01
8.431909292866251451e-04 2.190828736273328081e-01
8.569055051268347108e-04 2.210958256699914193e-01
8.708431497690724121e-04 2.231152415959325452e-01
8.850074914473439122e-04 2.251409558961328106e-01
8.994022174092053228e-04 2.271728014939068396e-01
9.140310748756222403e-04 2.292106098032327122e-01
9.288978720164497516e-04 2.312542107877991748e-01
9.440064789417603299e-04 2.333034330207373053e-01
9.593608287093146345e-04 2.353581037449862245e-01
9.749649183484096178e-04 2.374180489342447853e-01
9.908228099003786767e-04 2.394830933544637164e-01
1.006938631476027041e-03 2.415530606258301516e-01
1.023316578330244831e-03 2.436277732851941380e-01
1.039960913954120214e-03 2.457070528488962680e-01
1.056875971184804974e-03 2.477907198759373708e-01
1.074066153333432362e-03 2.498785940314547371e-01
1.091535935331391146e-03 2.519704941504462559e-01
1.109289864895222780e-03 2.540662383017011638e-01
1.127332563710487130e-03 2.561656438518867818e-01
1.145668728634872567e-03 2.582685275297463834e-01
1.164303132920875691e-03 2.603747054903569058e-01
1.183240627458377906e-03 2.624839933794069768e-01
1.202486142037412220e-03 2.645962063974374168e-01
1.222044686631488684e-03 2.667111593640126843e-01
1.241921352701784659e-03 2.688286667817650910e-01
1.262121314522546191e-03 2.709485429002751466e-01
1.282649830528059809e-03 2.730706017797404073e-01
1.303512244681508938e-03 2.751946573543906371e-01
1.324713987866117399e-03 2.773205234956028775e-01
1.346260579298911089e-03 2.794480140746817831e-01
1.368157627967470612e-03 2.815769430252570427e-01
1.390410834090069709e-03 2.837071244052579155e-01
1.413025990599533653e-03 2.858383724584313557e-01
1.436008984651260603e-03 2.879705016753572044e-01
1.459365799155757639e-03 2.901033268539272569e-01
1.483102514336102819e-03 2.922366631592507868e-01
1.507225309310755452e-03 2.943703261829514473e-01
1.531740463702079740e-03 2.965041320018136917e-01
1.556654359271062099e-03 2.986378972357595085e-01
1.581973481578601405e-03 3.007714391051061753e-01
1.607704421673822109e-03 3.029045754870852702e-01
1.633853877809860388e-03 3.050371249715871924e-01
1.660428657187529473e-03 3.071689069161023244e-01
1.687435677727375672e-03 3.092997414998315264e-01
1.714881969870540998e-03 3.114294497769385384e-01
1.742774678408917253e-03 3.135578537289173129e-01
1.771121064345086834e-03 3.156847763160522957e-01
1.799928506782476562e-03 3.178100415279416779e-01
1.829204504846293749e-03 3.199334744330711855e-01
1.858956679635688372e-03 3.220549012274075418e-01
1.889192776207664374e-03 3.241741492819953940e-01
1.919920665593282836e-03 3.262910471895421605e-01
1.951148346846616304e-03 3.284054248099659290e-01
1.982883949127071596e-03 3.305171133148958607e-01
2.015135733815558595e-03 3.326259452311078890e-01
2.047912096665083313e-03 3.347317544828795066e-01
2.081221569986337061e-03 3.368343764332557555e-01
2.115072824868794756e-03 3.389336479242069933e-01
2.149474673437980470e-03 3.410294073156757699e-01
2.184436071149428466e-03 3.431214945234972724e-01
2.219966119119952484e-03 3.452097510561876748e-01
2.256074066496859074e-03 3.472940200505957309e-01
2.292769312865648810e-03 3.493741463063998465e-01
2.330061410696924844e-03 3.514499763194642856e-01
2.367960067833078681e-03 3.535213583140315308e-01
2.406475150015421893e-03 3.555881422737600106e-01
2.445616683452444227e-03 3.576501799716012009e-01
2.485394857429798314e-03 3.597073249985144328e-01
2.525820026962784671e-03 3.617594327910174101e-01
2.566902715491951956e-03 3.638063606575804299e-01
2.608653617622550599e-03 3.658479678038585314e-01
2.651083601908536293e-03 3.678841153567670164e-01
2.694203713681882304e-03 3.699146663874069985e-01
2.738025177927857611e-03 3.719394859328372105e-01
2.782559402207125665e-03 3.739584410167088313e-01
2.827817979625344216e-03 3.759714006687596699e-01
2.873812691851063313e-03 3.779782359431785865e-01
2.920555512182745027e-03 3.799788199358488106e-01
2.968058608665602276e-03 3.819730278004752622e-01
3.016334347259197381e-03 3.839607367636096447e-01
3.065395295056529829e-03 3.859418261385759719e-01
3.115254223555484914e-03 3.879161773383169587e-01
3.165924111983520629e-03 3.898836738871623853e-01
3.217418150676371654e-03 3.918442014315351996e-01
3.269749744511767954e-03 3.937976477496120120e-01
3.322932516398975026e-03 3.957439027599410908e-01
3.376980310825087803e-03 3.976828585290420603e-01
3.431907197459042706e-03 3.996144092779904122e-01
3.487727474814177487e-03 4.015384513880099204e-01
3.544455673970435625e-03 4.034548834050822874e-01
3.602106562357073553e-03 4.053636060435917843e-01
3.660695147596898513e-03 4.072645221890197620e-01
3.720236681413065759e-03 4.091575368997047990e-01
3.780746663599349276e-03 4.110425574076815858e-01
3.842240846055060884e-03 4.129194931186231932e-01
3.904735236885564006e-03 4.147882556108962726e-01
3.968246104569478003e-03 4.166487586337476179e-01
4.032789982193705006e-03 4.185009181046400739e-01
4.098383671757261509e-03 4.203446521057606633e-01
4.165044248545184992e-03 4.221798808797058156e-01
4.232789065573553354e-03 4.240065268243781160e-01
4.301635758106790719e-03 4.258245144870976828e-01
4.371602248248502090e-03 4.276337705579572601e-01
4.442706749606882902e-03 4.294342238624334618e-01
4.514967772036101654e-03 4.312258053532737057e-01
4.588404126454761513e-03 4.330084481016821529e-01
4.663034929742726313e-03 4.347820872878122023e-01
4.738879609717651029e-03 4.365466601906003996e-01
4.815957910192351227e-03 4.383021061769437621e-01
4.894289896114531989e-03 4.400483666902498259e-01
4.973895958790068052e-03 4.417853852383778479e-01
5.054796821191235093e-03 4.435131073809798208e-01
5.137013543351338918e-03 4.452314807162786048e-01
5.220567527846975073e-03 4.469404548672778477e-01
5.305480525369573805e-03 4.486399814674438824e-01
5.391774640387505396e-03 4.503300141458662642e-01
5.479472336900281099e-03 4.520105085119167088e-01
5.568596444286409188e-03 4.536814221394279700e-01
5.659170163246242738e-03 4.553427145504059803e-01
5.751217071841613696e-03 4.569943471982996774e-01
5.844761131633637551e-03 4.586362834508398434e-01
5.939826693920350481e-03 4.602684885724664943e-01
6.036438506075864248e-03 4.618909297063676922e-01
6.134621717992506419e-03 4.635035758561373287e-01
6.234401888627863660e-03 4.651063978670763044e-01
6.335804992658253774e-03 4.666993684071548687e-01
6.438857427240412407e-03 4.682824619476423367e-01
6.543586018883228855e-03 4.698556547434388220e-01
6.650018030431118291e-03 4.714189248131045451e-01
6.758181168161110294e-03 4.729722519186182472e-01
6.868103588995307790e-03 4.745156175448762559e-01
6.979813907830653176e-03 4.760490048789430828e-01
7.093341204987989659e-03 4.775723987890750921e-01
7.208715033782135163e-03 4.790857858035294514e-01
7.325965428215230023e-03 4.805891540891723546e-01
7.445122910795143496e-03 4.820824934299038356e-01
7.566218500481047653e-03 4.835657952049131625e-01
7.689283720758305352e-03 4.850390523667741371e-01
7.814350607844541483e-03 4.865022594194000627e-01
7.941451719029339953e-03 4.879554123958705913e-01
8.070620141149507584e-03 4.893985088361393343e-01
8.201889499202211220e-03 4.908315477646435498e-01
8.335293965098187693e-03 4.922545296678170201e-01
8.470868266557402340e-03 4.936674564715318736e-01
8.608647696149244674e-03 4.950703315184704634e-01
8.748668120479913615e-03 4.964631595454448432e-01
8.890965989529167612e-03 4.978459466606731665e-01
9.035578346138920316e-03 4.992187003210272200e-01
9.182542835656282154e-03 5.005814293092595291e-01
9.331897715733238757e-03 5.019341437112171400e-01
9.483681866285927423e-03 5.032768548930662833e-01
9.637934799615796230e-03 5.046095754785168142e-01
9.794696670695384952e-03 5.059323193260781837e-01
9.954008287621518916e-03 5.072451015063402791e-01
1.011591112223829761e-02 5.085479382792982284e-01
1.028044732093309765e-02 5.098408470717240570e-01
1.044765971560805175e-02 5.111238464545989624e-01
1.061759183482999074e-02 5.123969561206122014e-01
1.079028791516183604e-02 5.136601968617341418e-01
1.096579291267809828e-02 5.149135905468728014e-01
1.114415251466788215e-02 5.161571600996223141e-01
1.132541315152812630e-02 5.173909294761084299e-01
1.150962200885031171e-02 5.186149236429425935e-01
1.169682703970384603e-02 5.198291685552846042e-01
1.188707697711903315e-02 5.210336911350285094e-01
1.208042134677328981e-02 5.222285192491112893e-01
1.227691047988360359e-02 5.234136816879569887e-01
1.247659552630868418e-02 5.245892081440565180e-01
1.267952846786433996e-02 5.257551291906920055e-01
1.288576213185517981e-02 5.269114762608112512e-01
1.309535020482667685e-02 5.280582816260571688e-01
1.330834724654075991e-02 5.291955783759546561e-01
1.352480870417874063e-02 5.303234003972657762e-01
1.374479092677536630e-02 5.314417823535125818e-01
1.396835117988739702e-02 5.325507596646715802e-01
1.419554766050101606e-02 5.336503684870498310e-01
1.442643951218158804e-02 5.347406456933408991e-01
1.466108684046982941e-02 5.358216288528673266e-01
1.489955072852853710e-02 5.368933562120093983e-01
1.514189325304352018e-02 5.379558666748333051e-01
1.538817750038346324e-02 5.390091997839073779e-01
1.563846758302247716e-02 5.400533957013226027e-01
1.589282865622976271e-02 5.410884951899116446e-01
1.615132693503089703e-02 5.421145395946761480e-01
1.641402971144466372e-02 5.431315708244158769e-01
1.668100537200059227e-02 5.441396313335694623e-01
1.695232341554121433e-02 5.451387641042678700e-01
1.722805447131392151e-02 5.461290126285979207e-01
1.750827031735723363e-02 5.471104208910840816e-01
1.779304389918577242e-02 5.480830333513829755e-01
1.808244934877951612e-02 5.490468949271983812e-01
1.837656200388172387e-02 5.500020509774182775e-01
1.867545842761074090e-02 5.509485472854652732e-01
1.897921642839099643e-02 5.518864300428768521e-01
1.928791508020777715e-02 5.528157458331016683e-01
1.960163474319185847e-02 5.537365416155238806e-01
1.992045708453871189e-02 5.546488647097084224e-01
2.024446509976801645e-02 5.555527627798723111e-01
2.057374313432911578e-02 5.564482838195817793e-01
2.090837690555749986e-02 5.573354761366701160e-01
2.124845352498882720e-02 5.582143883383884342e-01
2.159406152103567761e-02 5.590850693167740415e-01
2.194529086203311427e-02 5.599475682342504035e-01
2.230223297965936227e-02 5.608019345094478192e-01
2.266498079273692942e-02 5.616482178032519146e-01
2.303362873142131284e-02 5.624864680050757348e-01
2.340827276178294308e-02 5.633167352193552135e-01
2.378901041078890916e-02 5.641390697522697950e-01
2.417594079169128191e-02 5.649535220986857675e-01
2.456916462982790261e-02 5.657601429293191986e-01
2.496878428884326609e-02 5.665589830781246894e-01
2.537490379733571555e-02 5.673500935299021775e-01
2.578762887593803732e-02 5.681335254081206765e-01
2.620706696483849837e-02 5.689093299629687239e-01
2.663332725174980681e-02 5.696775585596117741e-01
2.706652070033241375e-02 5.704382626666738565e-01
2.750676007908067419e-02 5.711914938449319523e-01
2.795415999067859397e-02 5.719373037362222023e-01
2.840883690183301086e-02 5.726757440525610532e-01
2.887090917359234551e-02 5.734068665654764585e-01
2.934049709215787172e-02 5.741307230955486895e-01
2.981772290019673449e-02 5.748473655021576478e-01
3.030271082866399512e-02 5.755568456734402316e-01
3.079558712914223437e-02 5.762592155164490970e-01
3.129648010670750546e-02 5.769545269475159222e-01
3.180552015332920035e-02 5.776428318828165098e-01
3.232283978181380718e-02 5.783241822291343981e-01
3.284857366030047299e-02 5.789986298748243110e-01
3.338285864731757591e-02 5.796662266809690101e-01
3.392583382740992082e-02 5.803270244727355420e-01
3.447764054734463873e-02 5.809810750309162275e-01
3.503842245290676033e-02 5.816284300836670473e-01
3.560832552629281805e-02 5.822691412984309922e-01
3.618749812411276717e-02 5.829032602740505942e-01
3.677609101601030800e-02 5.835308385330620906e-01
3.737425742391064371e-02 5.841519275141734413e-01
3.798215306190736579e-02 5.847665785649239778e-01
3.859993617679770977e-02 5.853748429345230209e-01
3.922776758927715157e-02 5.859767717668612486e-01
3.986581073580438422e-02 5.865724160937010323e-01
4.051423171114647281e-02 5.871618268280377473e-01
4.117319931161678853e-02 5.877450547576282824e-01
4.184288507901584575e-02 5.883221505386929673e-01
4.252346334528677579e-02 5.888931646897782590e-01
4.321511127789762208e-02 5.894581475857879616e-01
4.391800892596085804e-02 5.900171494521732063e-01
4.463233926710397093e-02 5.905702203592823052e-01
4.535828825510190843e-02 5.911174102168691435e-01
4.609604486828429437e-02 5.916587687687558939e-01
4.684580115873045181e-02 5.921943455876504947e-01
4.760775230226368254e-02 5.927241900701126776e-01
4.838209664925956915e-02 5.932483514316703177e-01
4.916903577628031069e-02 5.937668787020836669e-01
4.996877453854878942e-02 5.942798207207499184e-01
5.078152112327670442e-02 5.947872261322567633e-01
5.160748710385907462e-02 5.952891433820698408e-01
5.244688749495118874e-02 5.957856207123607417e-01
5.329994080844092930e-02 5.962767061579742345e-01
5.416686911033146562e-02 5.967624475425222785e-01
5.504789807854967854e-02 5.972428924746170376e-01
5.594325706169377826e-02 5.977180883442297921e-01
5.685317913873753209e-02 5.981880823191768615e-01
5.777790117970506983e-02 5.986529213417329798e-01
5.871766390733249713e-02 5.991126521253683501e-01
5.967271195973310183e-02 5.995673211516036050e-01
6.064329395408061402e-02 6.000169746669886672e-01
6.162966255132942134e-02 6.004616586801957423e-01
6.263207452198692182e-02 6.009014189592271071e-01
6.365079081295564600e-02 6.013363010287401389e-01
6.468607661546320331e-02 6.017663501674795912e-01
6.573820143409585259e-02 6.021916114058180058e-01
6.680743915695615265e-02 6.026121295234095898e-01
6.789406812696112403e-02 6.030279490469420134e-01
6.899837121430010822e-02 6.034391142479972325e-01
7.012063589007176689e-02 6.038456691410106769e-01
7.126115430111745752e-02 6.042476574813305801e-01
7.242022334607314815e-02 6.046451227633743430e-01
7.359814475265770428e-02 6.050381082188843740e-01
7.479522515621812861e-02 6.054266568152705252e-01
7.601177617955322263e-02 6.058108112540528944e-01
7.724811451403400253e-02 6.061906139693881146e-01
7.850456200204508628e-02 6.065661071266882365e-01
7.978144572076628638e-02 6.069373326213237663e-01
8.107909806731677937e-02 6.073043320774148546e-01
8.239785684528511123e-02 6.076671468467010895e-01
8.373806535266489770e-02 6.080258180074954444e-01
8.510007247122246266e-02 6.083803863637194942e-01
8.648423275731725868e-02 6.087308924440116842e-01
8.789090653419963373e-02 6.090773765009181995e-01
8.932045998580959156e-02 6.094198785101517801e-01
9.077326525210223374e-02 6.097584381699311384e-01
9.224970052592174063e-02 6.100930949003836590e-01
9.375015015145289621e-02 6.104238878430251480e-01
9.527500472427299916e-02 6.107508558603039761e-01
9.682466119303113905e-02 6.110740375352122777e-01
9.839952296278225985e-02 6.113934711709633207e-01
1.000000000000000056e-01 6.117091947907323801e-01
