1.000000000000000021e-08 2.492298217604549393e-05
1.016265089392995110e-08 1.323498559391289575e-05
1.032794731918952445e-08 1.095029478326292605e-05
1.049593230558226649e-08 3.647250194083184738e-07
1.066664958279538736e-08 -1.919151000417951280e-05
1.084014359178330982e-08 6.112454218887286572e-06
1.101645949633656934e-08 6.702512014067352197e-06
1.119564319483879355e-08 -1.180442090953359724e-05
1.137774133221490262e-08 -7.488890706452977497e-07
1.156280131207375345e-08 -5.405298822314108520e-06
1.175087130904807623e-08 -2.443220115888600219e-06
1.194200028133532503e-08 -1.701198002612702709e-05
1.213623798344241837e-08 3.004520250593500919e-06
1.233363497913774651e-08 -1.374326282366222785e-05
1.253424265461399562e-08 1.621403607610094610e-05
1.273811323186478490e-08 1.526670844997912724e-05
1.294529978227915991e-08 -4.730172340594585023e-06
1.315585624045705234e-08 -3.349744202907345425e-06
1.336983741824945163e-08 1.533022359911928589e-05
1.358729901902709187e-08 6.819886702591482219e-06
1.380829765218092295e-08 7.025188024534223530e-06
1.403289084785873192e-08 -2.790105402938891643e-06
1.426113707194129758e-08 6.540089749651478712e-06
1.449309574126215144e-08 2.240114764240352940e-06
1.472882723907501811e-08 -1.023156442903072616e-07
1.496839293077255471e-08 -4.253052575564630899e-06
1.521185517986104820e-08 7.995621844503197906e-06
1.545927736419478449e-08 6.648884253501741171e-06
1.571072389247448998e-08 1.118434349400843075e-05
1.596626022101425121e-08 -9.298695926140965184e-06
1.622595287078086962e-08 7.463211969427341330e-06
1.648986944471064949e-08 -8.208694146305539618e-06
1.675807864530768860e-08 -5.929815285798945013e-06
1.703065029252842640e-08 -2.235624667279445532e-06
1.730765534195724054e-08 -4.674039881802372065e-07
1.758916590327732712e-08 -4.578570031221751435e-06
1.787525525904235371e-08 7.537175551020069975e-06
1.816599788375328570e-08 -6.766680242797917799e-07
1.846146946324545845e-08 -3.509740877483125132e-06
1.876174691439119556e-08 -3.258800091110458652e-06
1.906690840512251962e-08 1.733675051851513160e-06
1.937703337477988794e-08 6.160688347578435753e-06
1.969220255479173433e-08 7.079303916746049197e-06
2.001249798969034913e-08 3.061085175115607626e-06
2.033800305846979844e-08 -1.989846855843246942e-06
2.066880249629081913e-08 -3.603886945646728179e-06
2.100498241653915160e-08 3.711874499212619583e-06
2.134663033324245531e-08 -3.424107589689029396e-06
2.169383518385182241e-08 3.196447370013011380e-06
2.204668735239407667e-08 2.476978342436098046e-07
2.240527869300018155e-08 1.267107475610984579e-07
2.276970255381679834e-08 4.849456742062052683e-06
2.314005380130653974e-08 1.611233241605170008e-06
2.351642884494350993e-08 1.251219743036990906e-06
2.389892566231047717e-08 -8.916501803568621654e-08
2.428764382460450497e-08 4.864789225234034120e-06
2.468268452255692455e-08 -9.630129692572708677e-07
2.508415059277541100e-08 -7.426579871072647165e-07
2.549214654451425775e-08 2.339830897812866795e-06
2.590677858688006237e-08 -7.342571404223008358e-07
2.632815465648019883e-08 -1.961019916230100080e-06
2.675638444552045216e-08 1.704852387152122617e-06
2.719157943036018985e-08 8.038654809583434258e-07
2.763385290053172716e-08 -1.821538574753311934e-06
2.808331998823169829e-08 -7.699995108190194060e-07
2.854009769829237414e-08 6.378954067187692090e-07
2.900430493863991500e-08 3.092263833770481085e-06
2.947606255124858740e-08 6.835277059913380526e-07
2.995549334359816154e-08 -1.257168287582821620e-06
3.044272212064299607e-08 3.078418388868797706e-06
3.093787571730136651e-08 3.105840780115443067e-06
3.144108303147264744e-08 3.612737657032738525e-06
3.195247505759213554e-08 2.166391647073773186e-06
3.247218492073131890e-08 3.322254533588697711e-06
3.300034791125282055e-08 -7.305516491751262720e-07
3.353710152002928723e-08 3.504231277373648368e-06
3.408258547423452176e-08 -4.033944442927150931e-07
3.463694177371734093e-08 2.748456811474397909e-06
3.520031472796682789e-08 2.486031445592118416e-06
3.577285099367869991e-08 4.584336844581926584e-07
3.635469961293318112e-08 2.430962040556039483e-07
3.694601205199302233e-08 1.409879752833909095e-06
3.754694224073336784e-08 8.705130810637840000e-07
3.815764661271252174e-08 3.658940832984569624e-06
3.877828414589453252e-08 2.644919907868192865e-06
3.940901640403447515e-08 1.530341230515652740e-06
4.005000757873611176e-08 3.203686105290870501e-06
4.070142453219439185e-08 2.422511976352126339e-06
4.136343684063277745e-08 5.458310112782527312e-07
4.203621683844717915e-08 1.942859072623370764e-06
4.271993966306776573e-08 1.637358887252027273e-06
4.341478330055092286e-08 2.462080206377947889e-06
4.412092863191190232e-08 1.495481919078223143e-06
4.483855948021190636e-08 1.924131694419628502e-06
4.556786265841068465e-08 1.990241715321694471e-06
4.630902801799736922e-08 2.639609433696676888e-06
4.706224849841281539e-08 1.519246286219022579e-06
4.782772017727485049e-08 1.484110683236394834e-06
4.860564232142138588e-08 1.648867880787996398e-06
4.939621743878325726e-08 2.694870173236552091e-06
5.019965133110078918e-08 2.638128314247367712e-06
5.101615314749833786e-08 3.260748922429002050e-06
5.184593543892912712e-08 3.457498092718225280e-06
5.268921421350676915e-08 3.113571441004658880e-06
5.354620899273612896e-08 2.512778213059618793e-06
5.441714286865887210e-08 3.538918888823516795e-06
5.530224256192900145e-08 2.008176495316149612e-06
5.620173848083188292e-08 3.028898899248844145e-06
5.711586478126434916e-08 2.945020396549757891e-06
5.804485942768983740e-08 2.668654741633247340e-06
5.898896425508493303e-08 3.563387189209343830e-06
5.994842503189409424e-08 2.662173191669836569e-06
6.092349152400711584e-08 3.035072167367758311e-06
6.191441755977847689e-08 3.188136046161638149e-06
6.292146109610350070e-08 3.122256609366935720e-06
6.394488428556936010e-08 3.040990840363910763e-06
6.498495354469888085e-08 3.703026670631714978e-06
6.604193962330305823e-08 3.283031209444509102e-06
6.711611767496286717e-08 3.192814454267001167e-06
6.820776732865692255e-08 2.895396456037424571e-06
6.931717276155400840e-08 3.547522398394953314e-06
7.044462277299036794e-08 3.820649156272004632e-06
7.159041085964888045e-08 3.927873289066852180e-06
7.275483529196231984e-08 3.244489323761534649e-06
7.393819919175873408e-08 3.448736103695004829e-06
7.514081061116961850e-08 3.932783996907218693e-06
7.636298261282241588e-08 3.765349054773992066e-06
7.760503335133571367e-08 3.628802921262774817e-06
7.886728615614155644e-08 3.497419918785382720e-06
8.015006961565413044e-08 4.336822918116212122e-06
8.145371766280737258e-08 4.289724740091926947e-06
8.277856966198471773e-08 4.352519273442823078e-06
8.412497049736118078e-08 4.460430766406453529e-06
8.549327066268384629e-08 4.230625751833194670e-06
8.688382635251192821e-08 3.944541623890351900e-06
8.829699955494083135e-08 4.371472304476320403e-06
8.973315814583520204e-08 4.383429365928392940e-06
9.119267598459297759e-08 4.447617808045478682e-06
9.267593301146883668e-08 4.363482461244849731e-06
9.418331534647960283e-08 4.754391715322547896e-06
9.571521538991856055e-08 4.662566771229670337e-06
9.727203192450536562e-08 4.978967205748752178e-06
9.885417021919572961e-08 4.651339885475280767e-06
1.004620421346813191e-07 4.750688974874961445e-06
1.020960662306047507e-07 5.137209147521026864e-06
1.037566678745184818e-07 5.058203728980359415e-06
1.054442793526168454e-07 4.997131607065163905e-06
1.071593399822671165e-07 5.380703220536631193e-06
1.089022962263730555e-07 5.476398573733831654e-06
1.106736018095974501e-07 5.477271142972917062e-06
1.124737178364750763e-07 5.705605941708213891e-06
1.143031129114478678e-07 5.556343475543457089e-06
1.161622632608501812e-07 5.767887165220031420e-06
1.180516528568805511e-07 5.780680296663120998e-06
1.199717735435885631e-07 5.995981927631177655e-06
1.219231251649109383e-07 6.140560416145746103e-06
1.239062156947915701e-07 6.041944232482165944e-06
1.259215613694151061e-07 6.334936179741568196e-06
1.279696868215941652e-07 6.226238967954600412e-06
1.300511252173409858e-07 6.418260702689693176e-06
1.321664183946603918e-07 6.482509812388848047e-06
1.343161170046015304e-07 6.600606037299172613e-06
1.365007806546013903e-07 6.846497002555018696e-06
1.387209780541621071e-07 6.716299748799059444e-06
1.409772871628967586e-07 6.988559677956196481e-06
1.432702953409829562e-07 7.021377916083260118e-06
1.456005995020648655e-07 7.142802675552673008e-06
1.479688062686396267e-07 7.391689382019173138e-06
1.503755321299738365e-07 7.330471422539730497e-06
1.528214036025870954e-07 7.625248678810869762e-06
1.553070573933458456e-07 7.571305574494147095e-06
1.578331405652116518e-07 7.874723982004283585e-06
1.604003107056819881e-07 7.987346264060057877e-06
1.630092360979741138e-07 8.052597556318374927e-06
1.656605958949915327e-07 8.185070808908179174e-06
1.683550802961200715e-07 8.239781739916018921e-06
1.710933907269013290e-07 8.344573449448056124e-06
1.738762400216250540e-07 8.475074958158579363e-06
1.767043526088946617e-07 8.629100869406158836e-06
1.795784647002096697e-07 8.832072193154516526e-06
1.824993244816150550e-07 9.015646433074842037e-06
1.854676923084697568e-07 9.111285574014971189e-06
1.884843409033795357e-07 9.320584703487178047e-06
1.915500555573527936e-07 9.384825383040862334e-06
1.946656343342263367e-07 9.571875856262401783e-06
1.978318882784162208e-07 9.801129658537632849e-06
2.010496416260497127e-07 9.906140135740315600e-06
2.043197320195270474e-07 1.005149870403343471e-05
2.076430107255774870e-07 1.017657056900933554e-05
2.110203428568596572e-07 1.033088991664321554e-05
2.144526075971665378e-07 1.057970777951222630e-05
2.179406984302953533e-07 1.068594955966339910e-05
2.214855233726359380e-07 1.091077708359478038e-05
2.250880052095461857e-07 1.110689848404788904e-05
2.287490817355704078e-07 1.128350613122108825e-05
2.324697059985645525e-07 1.139738300803827542e-05
2.362508465477945104e-07 1.166622723658417016e-05
2.400934876860651595e-07 1.184024312939069290e-05
2.439986297259550047e-07 1.204554026090765007e-05
2.479672892502159966e-07 1.222269968392808437e-05
2.520004993764089383e-07 1.244632862740235879e-05
2.560993100258456838e-07 1.258585860752781116e-05
2.602647881969004651e-07 1.284819307456608328e-05
2.644980182427720070e-07 1.299265429655083182e-05
2.688001021537607504e-07 1.326907514442865477e-05
2.731721598441373654e-07 1.348047928706463949e-05
2.776153294436797922e-07 1.363979647184265787e-05
2.821307675939470486e-07 1.391089127666944592e-05
2.867196497493769966e-07 1.411321024646916555e-05
2.913831704832788474e-07 1.431528445761109936e-05
2.961225437988031500e-07 1.455368804315071429e-05
3.009390034449724303e-07 1.479261031800405135e-05
3.058338032378431566e-07 1.508028577013043048e-05
3.108082173869063920e-07 1.532190978692504757e-05
3.158635408267819256e-07 1.554368383660520436e-05
3.210010895543168453e-07 1.578484131981028327e-05
3.262222009711673251e-07 1.604453751646861548e-05
3.315282342319423480e-07 1.632516178318166311e-05
3.369205705980267328e-07 1.657245248576355579e-05
3.424006137971425436e-07 1.685076277058161764e-05
3.479697903887687909e-07 1.714406677366664411e-05
3.536295501355046578e-07 1.741195856164168276e-05
3.593813663804625413e-07 1.768900686149876833e-05
3.652267364308175408e-07 1.798581005219013207e-05
3.711671819475767101e-07 1.826487597644810279e-05
3.772042493416993616e-07 1.855570767861358661e-05
3.833395101766605394e-07 1.886042008203414611e-05
3.895745615775500918e-07 1.917422568875615241e-05
3.959110266468458876e-07 1.950157988517275953e-05
4.023505548869293084e-07 1.980589768391105565e-05
4.088948226294864306e-07 2.013192165140065271e-05
4.155455334718879651e-07 2.047095887391936486e-05
4.223044187206672270e-07 2.078064852073513435e-05
4.291732378422157257e-07 2.113126724645475463e-05
4.361537789208005614e-07 2.148370761989593092e-05
4.432478591240400518e-07 2.182335912126465161e-05
4.504573251759462753e-07 2.219000184933150877e-05
4.577840538376616380e-07 2.252725737172944775e-05
4.652299523960189011e-07 2.290383285108443800e-05
4.727969591600390720e-07 2.327808574287271171e-05
4.804870439655133784e-07 2.365697316064618860e-05
4.883022086877884378e-07 2.404069374040140872e-05
4.962444877628913673e-07 2.443508820670903248e-05
5.043159487171359161e-07 2.483823447796407180e-05
5.125186927053332351e-07 2.522938301774413361e-05
5.208548550577665794e-07 2.564054869236276346e-05
5.293266058360566796e-07 2.605153332790877130e-05
5.379361503980697196e-07 2.647562155921878713e-05
5.466857299720180573e-07 2.691736164905922379e-05
5.555776222398877301e-07 2.735058873648554822e-05
5.646141419303672361e-07 2.779841918254533084e-05
5.737976414214139612e-07 2.825601838685187772e-05
5.831305113526218361e-07 2.870833190016242042e-05
5.926151812475552896e-07 2.918091019576962708e-05
6.022541201461927509e-07 2.964462126264777453e-05
6.120498372476702854e-07 3.013081473834944291e-05
6.220048825634717926e-07 3.062063311620732975e-05
6.321218475812448096e-07 3.112671320293358690e-05
6.424033659394190549e-07 3.162374311360682810e-05
6.528521141127847315e-07 3.214521710337425731e-05
6.634708121092350418e-07 3.266745614749488880e-05
6.742622241778349095e-07 3.319775449750483887e-05
6.852291595284057501e-07 3.373510957560554857e-05
6.963744730628222709e-07 3.428388709969532044e-05
7.077010661181889092e-07 3.483785916769122082e-05
7.192118872221193113e-07 3.540424546810694295e-05
7.309099328602918614e-07 3.598230304568961202e-05
7.427982482564911104e-07 3.656527939233100710e-05
7.548799281653431580e-07 3.716298673028806121e-05
7.671581176779302778e-07 3.777069138333200016e-05
7.796360130405236458e-07 3.838437182290821426e-05
7.923168624866261349e-07 3.900414503710258884e-05
8.052039670825469881e-07 3.963815696250705400e-05
8.183006815867389787e-07 4.028513890697027477e-05
8.316104153230961550e-07 4.093980631636462419e-05
8.451366330684722093e-07 4.160369387640194816e-05
8.588828559546258306e-07 4.228027792896327242e-05
8.728526623848370902e-07 4.297320752111311037e-05
8.870496889654402904e-07 4.366872945060773503e-05
9.014776314524917028e-07 4.437842698379323991e-05
9.161402457138521424e-07 4.509965415278038847e-05
9.310413487069085223e-07 4.583367942356808555e-05
9.461848194721991931e-07 4.658073276320173761e-05
9.615746001432095654e-07 4.734104235570857355e-05
9.772146969725724298e-07 4.811095902690354364e-05
9.931091813749800272e-07 4.889293508236747243e-05
1.009262190987048422e-06 4.968671971905536111e-05
1.025677930744420800e-06 5.049218357389140266e-05
1.042360673976401061e-06 5.131319532258871163e-05
1.059314763518370023e-06 5.214942369557995505e-05
1.076544612842315852e-06 5.299838805006285014e-05
1.094054707205743622e-06 5.385806986968333376e-05
1.111849604819269788e-06 5.473554104196143300e-05
1.129933938033221742e-06 5.562456940610971401e-05
1.148312414543511196e-06 5.653171100938880755e-05
1.166989818617147488e-06 5.744952130559699555e-05
1.185971012337670574e-06 5.838252404899435533e-05
1.205260936870841443e-06 5.933288900505928609e-05
1.224864613750930682e-06 6.029750105629450019e-05
1.244787146187906095e-06 6.127862454929910996e-05
1.265033720395903716e-06 6.227699418381860141e-05
1.285609606943296477e-06 6.328794402377102557e-05
1.306520162124719865e-06 6.431658448535770845e-05
1.327770829355428974e-06 6.536435399218110121e-05
1.349367140588306489e-06 6.642568623971278896e-05
1.371314717753945535e-06 6.750800977395332580e-05
1.393619274224143468e-06 6.860604510794399147e-05
1.416286616299197281e-06 6.971971997560277856e-05
1.439322644719406585e-06 7.085441402965297897e-05
1.462733356201129952e-06 7.200795443773611026e-05
1.486524844997857111e-06 7.317697956965574235e-05
1.510703304486655702e-06 7.436798473392514097e-05
1.535275028780421201e-06 7.557723790418968690e-05
1.560246414366371105e-06 7.680548485755611665e-05
1.585623961771137209e-06 7.805495455415201178e-05
1.611414277253019916e-06 7.932359384354992216e-05
1.637624074521688946e-06 8.061541979442754524e-05
1.664260176485901778e-06 8.192483264313210611e-05
1.691329517029650428e-06 8.325817343723951325e-05
1.718839142817145670e-06 8.461244593693795224e-05
1.746796215127245610e-06 8.598676781923497714e-05
1.775208011717636075e-06 8.738526819929148814e-05
1.804081928719380951e-06 8.880767272256839817e-05
1.833425482562292654e-06 9.025130457041008469e-05
1.863246311931559818e-06 9.171830135601410916e-05
1.893552179756295206e-06 9.321030655728979042e-05
1.924350975230332279e-06 9.472649251929254888e-05
1.955650715865946999e-06 9.626665654638433267e-05
1.987459549580985976e-06 9.783230003568288424e-05
2.019785756819878467e-06 9.942287017861151099e-05
2.052637752709252226e-06 1.010391231371920995e-04
2.086024089248504694e-06 1.026828893704312406e-04
2.119953457536069015e-06 1.043525376983600594e-04
2.154434690031886471e-06 1.060492822010372649e-04
2.189476762856620668e-06 1.077729090135370882e-04
2.225088798128369440e-06 1.095258955513545018e-04
2.261280066337279372e-06 1.113071116327635224e-04
2.298059988758848964e-06 1.131170561222694104e-04
2.335438139906481616e-06 1.149563802493869247e-04
2.373424250023866098e-06 1.168252442311779049e-04
2.412028207618006978e-06 1.187250290044516987e-04
2.451260062033339965e-06 1.206552997937704319e-04
2.491130026067785964e-06 1.226171018542387969e-04
2.531648478631357950e-06 1.246111219228573930e-04
2.572825967447932223e-06 1.266378433719683727e-04
2.614673211801092052e-06 1.286969515659208696e-04
2.657201105324506616e-06 1.307894847272228489e-04
2.700420718837769789e-06 1.329156284313182113e-04
2.744343303228368328e-06 1.350772340066308530e-04
2.788980292380439744e-06 1.372737181486449742e-04
2.834343306151309184e-06 1.395052113465355959e-04
2.880444153396297871e-06 1.417735203949055389e-04
2.927294835042813193e-06 1.440789090506600090e-04
2.974907547214443381e-06 1.464217725746230769e-04
3.023294684405776334e-06 1.488022927910170878e-04
3.072468842709003493e-06 1.512218878237936437e-04
3.122442823092858074e-06 1.536804492525689625e-04
3.173229634734973124e-06 1.561792080752022471e-04
3.224842498408445454e-06 1.587183528350966100e-04
3.277294849923382168e-06 1.612992119061074092e-04
3.330600343624588548e-06 1.639216185802538917e-04
3.384772855945982993e-06 1.665869268495656641e-04
3.439826489022921063e-06 1.692953781855521811e-04
3.495775574363278632e-06 1.720479831927024250e-04
3.552634676578139464e-06 1.748448546775582813e-04
3.610418597173337456e-06 1.776877046474334421e-04
3.669142378402493899e-06 1.805765229090372515e-04
3.728821307182830034e-06 1.835123744667876977e-04
3.789470919074671417e-06 1.864958701677243980e-04
3.851107002325569028e-06 1.895278683057277647e-04
3.913745601980383925e-06 1.926093365609560237e-04
3.977403024058036353e-06 1.957404601711232317e-04
4.042095839796302090e-06 1.989228474824633608e-04
4.107840889965650877e-06 2.021566991162737637e-04
4.174655289253134888e-06 2.054433798832633329e-04
4.242556430717776958e-06 2.087830582301331006e-04
4.311561990318228494e-06 2.121774475655202608e-04
4.381689931514185333e-06 2.156265889843300698e-04
4.452958509942660131e-06 2.191321092804843218e-04
4.525386278170166693e-06 2.226943264558300939e-04
4.598992090522438309e-06 2.263146038684604733e-04
4.673795107992463609e-06 2.299936279093195424e-04
4.749814803228495024e-06 2.337324614692937175e-04
4.827070965603187770e-06 2.375320009094794571e-04
4.905583706365045857e-06 2.413934064848799466e-04
4.985373463873893773e-06 2.453173552380283340e-04
5.066461008921268308e-06 2.493050126411988643e-04
5.148867450137487247e-06 2.533575557636114084e-04
5.232614239486667200e-06 2.574759520724834161e-04
5.317723177850966182e-06 2.616613784039989454e-04
5.404216420705915271e-06 2.659145211371116702e-04
5.492116483887788865e-06 2.702369488664091435e-04
5.581446249454954941e-06 2.746295700244427707e-04
5.672228971644549552e-06 2.790934277908663219e-04
5.764488282925873171e-06 2.836298903317047149e-04
5.858248200152535830e-06 2.882400675283669500e-04
5.953533130814370033e-06 2.929251102665730855e-04
6.050367879391212089e-06 2.976862338922581230e-04
6.148777653810029084e-06 3.025245985915914204e-04
6.248788072006888211e-06 3.074416865617157768e-04
6.350425168595962254e-06 3.124385480940405913e-04
6.453715401646702034e-06 3.175165774514931982e-04
6.558685659571422142e-06 3.226770930560007855e-04
6.665363268124920326e-06 3.279214747395897689e-04
6.773775997517744987e-06 3.332509043639797497e-04
6.883952069645496021e-06 3.386669577610801340e-04
6.995920165435374508e-06 3.441709633452694206e-04
7.109709432312424079e-06 3.497643144872997212e-04
7.225349491787221566e-06 3.554484159581372538e-04
7.342870447166757580e-06 3.612249051012650369e-04
7.462302891391107415e-06 3.670952118111081575e-04
7.583677914997190766e-06 3.730608212799690904e-04
7.707027114212287592e-06 3.791232755349094319e-04
7.832382599179204906e-06 3.852841374646365225e-04
7.959777002314978321e-06 3.915450055939073692e-04
8.089243486805938269e-06 3.979075654700903186e-04
8.220815755240541055e-06 4.043733938524640692e-04
8.354528058382854806e-06 4.109442498644311215e-04
8.490415204088755231e-06 4.176216645738195510e-04
8.628512566366886081e-06 4.244075442298989032e-04
8.768856094587426870e-06 4.313035972807188756e-04
8.911482322840200959e-06 4.383115335456766459e-04
9.056428379445293633e-06 4.454332485694934007e-04
9.203731996618229962e-06 4.526705113957474325e-04
9.353431520292377225e-06 4.600252647801728045e-04
9.505565920101190930e-06 4.674993506090796558e-04
9.660174799522645609e-06 4.750947611105171831e-04
9.817298406188840434e-06 4.828134410350681804e-04
9.976977642363212323e-06 4.906573975375083663e-04
1.013925407558814327e-05 4.986285869504891721e-04
1.030416994950587402e-05 5.067291752536284832e-04
1.047176819485520245e-05 5.149611593157077394e-04
1.064209244064724650e-05 5.233267117122908374e-04
1.081518702552289214e-05 5.318280078855375237e-04
1.099109700929496075e-05 5.404672583136926889e-04
1.116986818467822625e-05 5.492466214551683379e-04
1.135154708920999101e-05 5.581684222334404311e-04
1.153618101736478473e-05 5.672349710931223754e-04
1.172381803286599682e-05 5.764485579748956923e-04
1.191450698119774729e-05 5.858116061204787783e-04
1.210829750232039467e-05 5.953265390049589101e-04
1.230524004359261647e-05 6.049957697338292917e-04
1.250538587290391306e-05 6.148218237541636100e-04
1.270878709202059429e-05 6.248072460198761391e-04
1.291549665014882683e-05 6.349546134167827205e-04
1.312556835771842841e-05 6.452665046687844352e-04
1.333905690039058705e-05 6.557456233111658150e-04
1.355601785329368979e-05 6.663946505702789125e-04
1.377650769549055046e-05 6.772163410507792136e-04
1.400058382468096031e-05 6.882134649771609602e-04
1.422830457214351858e-05 6.993888904236467141e-04
1.445972921792019565e-05 7.107454669021961990e-04
1.469491800624817218e-05 7.222861571574146211e-04
1.493393216124253386e-05 7.340138903196846698e-04
1.517683390283403825e-05 7.459317266673703983e-04
1.542368646296627532e-05 7.580427069658890460e-04
1.567455410205594862e-05 7.703499848717987319e-04
1.592950212572123044e-05 7.828567091076044093e-04
1.618859690178199096e-05 7.955660906376893493e-04
1.645190587753660725e-05 8.084813983052496766e-04
1.671949759731991612e-05 8.216059899435190772e-04
1.699144172034626135e-05 8.349432262647615843e-04
1.726780903884356100e-05 8.484965076325234890e-04
1.754867149648151891e-05 8.622693626052502225e-04
1.783410220710006182e-05 8.762653331892966690e-04
1.812417547374239337e-05 8.904879821572952991e-04
1.841896680799710997e-05 9.049409913853834198e-04
1.871855294965579252e-05 9.196280721892602372e-04
1.902301188668945850e-05 9.345529963297183329e-04
1.933242287555043403e-05 9.497195940835201355e-04
1.964686646180448403e-05 9.651317812117143902e-04
1.996642450109793374e-05 9.807934896134407055e-04
2.029118018046678154e-05 9.967087556467246756e-04
2.062121803999144521e-05 1.012881658317255074e-03
2.095662399480430758e-05 1.029316349078768233e-03
2.129748535745523187e-05 1.046017053080161574e-03
2.164389086064020347e-05 1.062988042005108547e-03
2.199593068030074845e-05 1.080233671131303197e-03
2.235369645909796436e-05 1.097758372412660499e-03
2.271728133026902697e-05 1.115566624671826546e-03
2.308677994187171946e-05 1.133663003489271404e-03
2.346228848142262524e-05 1.152052129983149875e-03
2.384390470093720405e-05 1.170738729803333378e-03
2.423172794237600676e-05 1.189727578136845487e-03
2.462585916350544169e-05 1.209023542827036835e-03
2.502640096417921810e-05 1.228631557547599229e-03
2.543345761304648090e-05 1.248556639587339312e-03
2.584713507469563873e-05 1.268803883303748492e-03
2.626754103723838489e-05 1.289378469645607872e-03
2.669478494034318111e-05 1.310285664635202352e-03
2.712897800372469909e-05 1.331530799570712631e-03
2.757023325609582679e-05 1.353119299462246516e-03
2.801866556459195316e-05 1.375056696203968976e-03
2.847439166467247799e-05 1.397348572489409690e-03
2.893753019050947418e-05 1.420000629675177706e-03
2.940820170587066820e-05 1.443018643122129241e-03
2.988652873550382686e-05 1.466408490390924690e-03
3.037263579703311443e-05 1.490176123114195228e-03
3.086664943337274645e-05 1.514327613397314920e-03
3.136869824566873116e-05 1.538869105596418763e-03
3.187891292677648815e-05 1.563806859460892262e-03
3.239742629528195378e-05 1.589147220419917517e-03
3.292437333007768632e-05 1.614896638588603217e-03
3.345989120549975091e-05 1.641061670507704129e-03
3.400411932703702948e-05 1.667648967841217633e-03
3.455719936762143251e-05 1.694665290341679231e-03
3.511927530450727994e-05 1.722117511216203489e-03
3.569049345675229896e-05 1.750012595133743076e-03
3.627100252330647985e-05 1.778357637567173910e-03
3.686095362172154264e-05 1.807159825472193226e-03
3.746050032748996612e-05 1.836426472239582885e-03
3.806979871402284228e-05 1.866165005194320159e-03
3.868900739327975645e-05 1.896382959954867609e-03
3.931828755705769966e-05 1.927087995726828318e-03
3.995780301895265397e-05 1.958287891149601556e-03
4.060772025700369657e-05 1.989990551267917240e-03
4.126820845702951608e-05 2.022203993685911527e-03
4.193943955667186254e-05 2.054936375571192464e-03
4.262158829015324943e-05 2.088195967826611543e-03
4.331483223376393757e-05 2.121991181929461234e-03
4.401935185208879207e-05 2.156330552187002425e-03
4.473533054498463085e-05 2.191222750690391408e-03
4.546295469532399562e-05 2.226676587054776668e-03
4.620241371751313139e-05 2.262701001028655234e-03
4.695390010680053220e-05 2.299305078668933966e-03
4.771760948938750521e-05 2.336498042660339891e-03
4.849374067335233355e-05 2.374289258923689694e-03
4.928249570040513461e-05 2.412688246515859447e-03
5.008407989848212116e-05 2.451704663386955474e-03
5.089870193519674814e-05 2.491348318241271009e-03
5.172657387216024049e-05 2.531629177611627313e-03
5.256791122018419400e-05 2.572557358116678294e-03
5.342293299538352475e-05 2.614143133107815764e-03
5.429186177618943007e-05 2.656396936558058641e-03
5.517492376129117199e-05 2.699329360768665254e-03
5.607234882852038467e-05 2.742951166309848254e-03
5.698437059469136365e-05 2.787273274408863522e-03
5.791122647641758420e-05 2.832306780013560399e-03
5.885315775191450485e-05 2.878062942708203842e-03
5.981040962380931695e-05 2.924553199042057017e-03
6.078323128297236501e-05 2.971789163936477962e-03
6.177187597338488134e-05 3.019782625289124667e-03
6.277660105806499695e-05 3.068545554448465218e-03
6.379766808606282991e-05 3.118090105085236097e-03
6.483534286054713498e-05 3.168428619753083098e-03
6.588989550799956058e-05 3.219573627709748642e-03
6.696160054853215278e-05 3.271537848051675468e-03
6.805073696735206717e-05 3.324334198104184068e-03
6.915758828738525219e-05 3.377975787756670734e-03
7.028244264308337646e-05 3.432475929428857597e-03
7.142559285543133394e-05 3.487848138266524955e-03
7.258733650817245705e-05 3.544106132011504151e-03
7.376797602527730984e-05 3.601263839814627943e-03
7.496781874966877322e-05 3.659335399243124343e-03
7.618717702322983626e-05 3.718335164827779593e-03
7.742636826811278249e-05 3.778277706623645038e-03
7.868571506936843291e-05 3.839177814184413506e-03
7.996554525892345903e-05 3.901050500889180483e-03
8.126619200091945365e-05 3.963911006486742217e-03
8.258799387844254533e-05 4.027774800431260793e-03
8.393129498166373591e-05 4.092657583879999450e-03
8.529644499741016815e-05 4.158575294215038909e-03
8.668379930019773523e-05 4.225544106553624779e-03
8.809371904473991286e-05 4.293580440636990403e-03
8.952657125996382206e-05 4.362700959327336925e-03
9.098272894455568119e-05 4.432922574257758264e-03
9.246257116405733111e-05 4.504262450357399139e-03
9.396648314954690162e-05 4.576738008110425859e-03
9.549485639791966557e-05 4.650366925311399946e-03
9.704808877380307014e-05 4.725167142998420999e-03
9.862658461312830713e-05 4.801156868124989430e-03
1.002307548283864352e-04 4.878354576636212414e-03
1.018610170155975281e-04 4.956779017006751609e-03
1.035177955630176228e-04 5.036449215338745233e-03
1.052015217616159118e-04 5.117384475787356557e-03
1.069126339173477141e-04 5.199604387686185270e-03
1.086515774652537295e-04 5.283128827065830535e-03
1.104188050854160164e-04 5.367977961465708603e-03
1.122147768207980290e-04 5.454172251612043887e-03
1.140399601970033122e-04 5.541732458732018252e-03
1.158948303439811801e-04 5.630679645035274739e-03
1.177798701197118084e-04 5.721035178893218998e-03
1.196955702359042841e-04 5.812820739053536911e-03
1.216424293857368039e-04 5.906058317827755921e-03
1.236209543736769146e-04 6.000770225564555638e-03
1.256316602474121533e-04 6.096979093443755104e-03
1.276750704319264313e-04 6.194707878517058397e-03
1.297517168657586742e-04 6.293979868010723955e-03
1.318621401394748458e-04 6.394818682340597249e-03
1.340068896363950598e-04 6.497248279306200303e-03
1.361865236756082756e-04 6.601292958127058519e-03
1.384016096573130147e-04 6.706977364686061982e-03
1.406527242105236439e-04 6.814326494230749098e-03
1.429404533431761061e-04 6.923365695585492752e-03
1.452653925946781202e-04 7.034120676294830510e-03
1.476281471909391145e-04 7.146617505853103403e-03
1.500293322019216613e-04 7.260882620073960680e-03
1.524695727017572945e-04 7.376942826204380133e-03
1.549495039314631646e-04 7.494825305203622889e-03
1.574697714643086743e-04 7.614557618222272950e-03
1.600310313738701764e-04 7.736167709131214210e-03
1.626339504048190531e-04 7.859683909618220277e-03
1.652792061464893926e-04 7.985134943268579200e-03
1.679674872092653225e-04 8.112549930089696382e-03
1.706994934038408014e-04 8.241958390064363371e-03
1.734759359233932583e-04 8.373390248306744610e-03
1.762975375287203833e-04 8.506875838976912796e-03
1.791650327363899435e-04 8.642445909648688307e-03
1.820791680099462359e-04 8.780131625463427625e-03
1.850407019542302061e-04 8.919964573755212456e-03
1.880504055128583358e-04 9.061976767804402755e-03
1.911090621689135881e-04 9.206200652302043430e-03
1.942174681489024571e-04 9.352669106096667129e-03
1.973764326300255292e-04 9.501415447800920511e-03
2.005867779508234102e-04 9.652473439352271534e-03
2.038493398252464264e-04 9.805877290614994912e-03
2.071649675602066755e-04 9.961661663429266511e-03
2.105345242766704040e-04 1.011986167606193643e-02
2.139588871343421563e-04 1.028051290726450517e-02
2.174389475600079977e-04 1.044365140085301569e-02
2.209756114795903147e-04 1.060931366926454178e-02
2.245697995539771826e-04 1.077753669823533489e-02
2.282224474186896198e-04 1.094835795098181297e-02
2.319345059274427543e-04 1.112181537169032453e-02
2.357069413996727843e-04 1.129794739042599971e-02
2.395407358720879286e-04 1.147679292649439464e-02
2.434368873543112913e-04 1.165839139276514391e-02
2.473964100886811538e-04 1.184278269951055673e-02
2.514203348142796828e-04 1.203000725837477525e-02
2.555097090352507149e-04 1.222010598623313182e-02
2.596655972934872546e-04 1.241312030879626604e-02
2.638890814457513006e-04 1.260909216477823502e-02
2.681812609453012686e-04 1.280806400910339260e-02
2.725432531281027707e-04 1.301007881674798305e-02
2.769761935036891046e-04 1.321518008633570940e-02
2.814812360507581339e-04 1.342341184352568995e-02
2.860595535175745148e-04 1.363481864444371361e-02
2.907123377272575549e-04 1.384944557890388506e-02
2.954407998880379709e-04 1.406733827387740554e-02
3.002461709085549389e-04 1.428854289637593311e-02
3.051297017182870593e-04 1.451310615658873981e-02
3.100926635931929671e-04 1.474107531087187617e-02
3.151363484866476195e-04 1.497249816456980298e-02
3.202620693657650080e-04 1.520742307475042576e-02
3.254711605531848163e-04 1.544589895282144631e-02
3.307649780744242331e-04 1.568797526696408262e-02
3.361449000108768324e-04 1.593370204466504347e-02
3.416123268585525207e-04 1.618312987475822862e-02
3.471686818926559680e-04 1.643630990977129613e-02
3.528154115380883050e-04 1.669329386759510481e-02
3.585539857459817017e-04 1.695413403367096450e-02
3.643858983763548090e-04 1.721888326230325283e-02
3.703126675869923340e-04 1.748759497844520894e-02
3.763358362286532656e-04 1.776032317881537370e-02
3.824569722466999088e-04 1.803712243330701792e-02
3.886776690892667719e-04 1.831804788577084953e-02
3.949995461220647160e-04 1.860315525490008337e-02
4.014242490499317709e-04 1.889250083498095201e-02
4.079534503452448896e-04 1.918614149600972318e-02
4.145888496832911426e-04 1.948413468430798545e-02
4.213321743847288901e-04 1.978653842214450620e-02
4.281851798652415507e-04 2.009341130776143292e-02
4.351496500925045312e-04 2.040481251487025194e-02
4.422273980505897289e-04 2.072080179200064265e-02
4.494202662119142376e-04 2.104143946147862820e-02
4.567301270168746923e-04 2.136678641847500337e-02
4.641588833612782196e-04 2.169690412935976198e-02
4.717084690917012373e-04 2.203185463019841084e-02
4.793808495089107069e-04 2.237170052466896930e-02
4.871780218794630885e-04 2.271650498196975398e-02
4.951020159556351191e-04 2.306633173415917337e-02
5.031548945038056761e-04 2.342124507344989226e-02
5.113387538414320560e-04 2.378130984904380796e-02
5.196557243827657369e-04 2.414659146370334852e-02
5.281079711934330654e-04 2.451715587006686459e-02
5.366976945540475642e-04 2.489306956644798952e-02
5.454271305329836403e-04 2.527439959257293811e-02
5.542985515684662997e-04 2.566121352469941108e-02
5.633142670601351629e-04 2.605357947058550838e-02
5.724766239702178735e-04 2.645156606399012844e-02
5.817880074344935256e-04 2.685524245879433725e-02
5.912508413831881436e-04 2.726467832288881343e-02
6.008675891719680948e-04 2.767994383139660286e-02
6.106407542232036075e-04 2.810110965983458886e-02
6.205728806776500623e-04 2.852824697658506992e-02
6.306665540567405869e-04 2.896142743513674400e-02
6.409244019356456464e-04 2.940072316579467326e-02
6.513490946272796050e-04 2.984620676701155162e-02
6.619433458774387925e-04 3.029795129631107642e-02
6.727099135712337041e-04 3.075603026064488432e-02
6.836516004510238267e-04 3.122051760644406482e-02
6.947712548460240100e-04 3.169148770907914692e-02
7.060717714137765624e-04 3.216901536193561562e-02
7.175560918936921447e-04 3.265317576495463392e-02
7.292272058728313045e-04 3.314404451270680507e-02
7.410881515641569396e-04 3.364169758194202053e-02
7.531420165974375561e-04 3.414621131873130100e-02
7.653919388230155619e-04 3.465766242490930793e-02
7.778411071286482192e-04 3.517612794422109168e-02
7.904927622696419996e-04 3.570168524775196861e-02
8.033501977124734390e-04 3.623441201894506136e-02
8.164167604921471590e-04 3.677438623799877959e-02
8.296958520834915238e-04 3.732168616579178977e-02
8.431909292866251451e-04 3.787639032718514986e-02
8.569055051268347108e-04 3.843857749379608890e-02
8.708431497690724121e-04 3.900832666620357436e-02
8.850074914473439122e-04 3.958571705558822096e-02
8.994022174092053228e-04 4.017082806478278201e-02
9.140310748756222403e-04 4.076373926872811637e-02
9.288978720164497516e-04 4.136453039437404389e-02
9.440064789417603299e-04 4.197328129998434409e-02
9.593608287093146345e-04 4.259007195379771460e-02
9.749649183484096178e-04 4.321498241217214265e-02
9.908228099003786767e-04 4.384809279705270679e-02
1.006938631476027041e-03 4.448948327287993720e-02
1.023316578330244831e-03 4.513923402287445263e-02
1.039960913954120214e-03 4.579742522472507460e-02
1.056875971184804974e-03 4.646413702564489157e-02
1.074066153333432362e-03 4.713944951684556628e-02
1.091535935331391146e-03 4.782344270738780878e-02
1.109289864895222780e-03 4.851619649741678586e-02
1.127332563710487130e-03 4.921779065080189586e-02
1.145668728634872567e-03 4.992830476716303423e-02
1.164303132920875691e-03 5.064781825328035225e-02
1.183240627458377906e-03 5.137641029393835712e-02
1.202486142037412220e-03 5.211415982211775599e-02
1.222044686631488684e-03 5.286114548865050722e-02
1.241921352701784659e-03 5.361744563123793661e-02
1.262121314522546191e-03 5.438313824290119669e-02
1.282649830528059809e-03 5.515830093988149940e-02
1.303512244681508938e-03 5.594301092892084437e-02
1.324713987866117399e-03 5.673734497400995114e-02
1.346260579298911089e-03 5.754137936257197605e-02
1.368157627967470612e-03 5.835518987111865119e-02
1.390410834090069709e-03 5.917885173034165280e-02
1.413025990599533653e-03 6.001243958969526560e-02
1.436008984651260603e-03 6.085602748146423657e-02
1.459365799155757639e-03 6.170968878434590632e-02
1.483102514336102819e-03 6.257349618651131262e-02
1.507225309310755452e-03 6.344752164822853313e-02
1.531740463702079740e-03 6.433183636400507943e-02
1.556654359271062099e-03 6.522651072429597185e-02
1.581973481578601405e-03 6.613161427679936644e-02
1.607704421673822109e-03 6.704721568731086823e-02
1.633853877809860388e-03 6.797338270023511875e-02
1.660428657187529473e-03 6.891018209867838529e-02
1.687435677727375672e-03 6.985767966423706010e-02
1.714881969870540998e-03 7.081594013642855678e-02
1.742774678408917253e-03 7.178502717182244641e-02
1.771121064345086834e-03 7.276500330289470408e-02
1.799928506782476562e-03 7.375592989662049792e-02
1.829204504846293749e-03 7.475786711282905728e-02
1.858956679635688372e-03 7.577087386234893085e-02
1.889192776207664374e-03 7.679500776497449888e-02
1.919920665593282836e-03 7.783032510727383446e-02
1.951148346846616304e-03 7.887688080027088766e-02
1.982883949127071596e-03 7.993472833702630620e-02
2.015135733815558595e-03 8.100391975015008850e-02
2.047912096665083313e-03 8.208450556927870956e-02
2.081221569986337061e-03 8.317653477853370614e-02
2.115072824868794756e-03 8.428005477402500389e-02
2.149474673437980470e-03 8.539511132138222216e-02
2.184436071149428466e-03 8.652174851340466155e-02
2.219966119119952484e-03 8.766000872781365416e-02
2.256074066496859074e-03 8.880993258517588806e-02
2.292769312865648810e-03 8.997155890701202807e-02
2.330061410696924844e-03 9.114492467414425647e-02
2.367960067833078681e-03 9.233006498529017225e-02
2.406475150015421893e-03 9.352701301598709271e-02
2.445616683452444227e-03 9.473579997782355377e-02
2.485394857429798314e-03 9.595645507807337715e-02
2.525820026962784671e-03 9.718900547972819659e-02
2.566902715491951956e-03 9.843347626198650779e-02
2.608653617622550599e-03 9.968989038123854396e-02
2.651083601908536293e-03 1.009582686325715128e-01
2.694203713681882304e-03 1.022386296118525939e-01
2.738025177927857611e-03 1.035309896784101236e-01
2.782559402207125665e-03 1.048353629183705893e-01
2.827817979625344216e-03 1.061517611086713053e-01
2.873812691851063313e-03 1.074801936818067238e-01
2.920555512182745027e-03 1.088206676913328064e-01
2.968058608665602276e-03 1.101731877781760849e-01
3.016334347259197381e-03 1.115377561377780546e-01
3.065395295056529829e-03 1.129143724881310762e-01
3.115254223555484914e-03 1.143030340387199972e-01
3.165924111983520629e-03 1.157037354604226742e-01
3.217418150676371654e-03 1.171164688564095835e-01
3.269749744511767954e-03 1.185412237340597308e-01
3.322932516398975026e-03 1.199779869779568076e-01
3.376980310825087803e-03 1.214267428239768076e-01
3.431907197459042706e-03 1.228874728345153988e-01
3.487727474814177487e-03 1.243601558748885783e-01
3.544455673970435625e-03 1.258447680909318134e-01
3.602106562357073553e-03 1.273412828878466296e-01
3.660695147596898513e-03 1.288496709103028603e-01
3.720236681413065759e-03 1.303699000238546235e-01
3.780746663599349276e-03 1.319019352976765758e-01
3.842240846055060884e-03 1.334457389886640755e-01
3.904735236885564006e-03 1.350012705269192370e-01
3.968246104569478003e-03 1.365684865026499661e-01
4.032789982193705006e-03 1.381473406545071780e-01
4.098383671757261509e-03 1.397377838593880650e-01
4.165044248545184992e-03 1.413397641237228441e-01
4.232789065573553354e-03 1.429532265762705201e-01
4.301635758106790719e-03 1.445781134624393172e-01
4.371602248248502090e-03 1.462143641401617566e-01
4.442706749606882902e-03 1.478619150773228252e-01
4.514967772036101654e-03 1.495206998507770946e-01
4.588404126454761513e-03 1.511906491469526825e-01
4.663034929742726313e-03 1.528716907640680356e-01
4.738879609717651029e-03 1.545637496159639745e-01
4.815957910192351227e-03 1.562667477375596636e-01
4.894289896114531989e-03 1.579806042919500442e-01
4.973895958790068052e-03 1.597052355791364064e-01
5.054796821191235093e-03 1.614405550464108607e-01
5.137013543351338918e-03 1.631864733003853818e-01
5.220567527846975073e-03 1.649428981206665368e-01
5.305480525369573805e-03 1.667097344751853338e-01
5.391774640387505396e-03 1.684868845371689794e-01
5.479472336900281099e-03 1.702742477037548774e-01
5.568596444286409188e-03 1.720717206162447610e-01
5.659170163246242738e-03 1.738791971819791948e-01
5.751217071841613696e-03 1.756965685978382208e-01
5.844761131633637551e-03 1.775237233753466093e-01
5.939826693920350481e-03 1.793605473673726136e-01
6.036438506075864248e-03 1.812069237964106794e-01
6.134621717992506419e-03 1.830627332844230182e-01
6.234401888627863660e-03 1.849278538842312747e-01
6.335804992658253774e-03 1.868021611124324188e-01
6.438857427240412407e-03 1.886855279838198785e-01
6.543586018883228855e-03 1.905778250472869306e-01
6.650018030431118291e-03 1.924789204231878159e-01
6.758181168161110294e-03 1.943886798421301521e-01
6.868103588995307790e-03 1.963069666851732231e-01
6.979813907830653176e-03 1.982336420253993925e-01
7.093341204987989659e-03 2.001685646708343258e-01
7.208715033782135163e-03 2.021115912086731692e-01
7.325965428215230023e-03 2.040625760507981390e-01
7.445122910795143496e-03 2.060213714805317897e-01
7.566218500481047653e-03 2.079878277006056431e-01
7.689283720758305352e-03 2.099617928823048763e-01
7.814350607844541483e-03 2.119431132157426623e-01
7.941451719029339953e-03 2.139316329612354073e-01
8.070620141149507584e-03 2.159271945017369188e-01
8.201889499202211220e-03 2.179296383962828765e-01
8.335293965098187693e-03 2.199388034344151865e-01
8.470868266557402340e-03 2.219545266915334825e-01
8.608647696149244674e-03 2.239766435851381354e-01
8.748668120479913615e-03 2.260049879319140365e-01
8.890965989529167612e-03 2.280393920056171808e-01
9.035578346138920316e-03 2.300796865957103199e-01
9.182542835656282154e-03 2.321257010667094889e-01
9.331897715733238757e-03 2.341772634181905621e-01
9.483681866285927423e-03 2.362342003454095396e-01
9.637934799615796230e-03 2.382963373004910457e-01
9.794696670695384952e-03 2.403634985541349689e-01
9.954008287621518916e-03 2.424355072577951686e-01
1.011591112223829761e-02 2.445121855062840632e-01
1.028044732093309765e-02 2.465933544007488099e-01
1.044765971560805175e-02 2.486788341119798851e-01
1.061759183482999074e-02 2.507684439439971102e-01
1.079028791516183604e-02 2.528620023978688236e-01
1.096579291267809828e-02 2.549593272357135731e-01
1.114415251466788215e-02 2.570602355448408094e-01
1.132541315152812630e-02 2.591645438019802850e-01
1.150962200885031171e-02 2.612720679375519772e-01
1.169682703970384603e-02 2.633826233999367883e-01
1.188707697711903315e-02 2.654960252196912895e-01
1.208042134677328981e-02 2.676120880736705399e-01
1.227691047988360359e-02 2.697306263490087952e-01
1.247659552630868418e-02 2.718514542069144779e-01
1.267952846786433996e-02 2.739743856462382166e-01
1.288576213185517981e-02 2.760992345667615533e-01
1.309535020482667685e-02 2.782258148321792302e-01
1.330834724654075991e-02 2.803539403327180990e-01
1.352480870417874063e-02 2.824834250473610142e-01
1.374479092677536630e-02 2.846140831056322984e-01
1.396835117988739702e-02 2.867457288489047018e-01
1.419554766050101606e-02 2.888781768911931058e-01
1.442643951218158804e-02 2.910112421793926707e-01
1.466108684046982941e-02 2.931447400529297864e-01
1.489955072852853710e-02 2.952784863027860807e-01
1.514189325304352018e-02 2.974122972298651746e-01
1.538817750038346324e-02 2.995459897026659934e-01
1.563846758302247716e-02 3.016793812142302134e-01
1.589282865622976271e-02 3.038122899383353115e-01
1.615132693503089703e-02 3.059445347849014674e-01
1.641402971144466372e-02 3.080759354545813400e-01
1.668100537200059227e-02 3.102063124925095172e-01
1.695232341554121433e-02 3.123354873411811061e-01
1.722805447131392151e-02 3.144632823924354836e-01
1.750827031735723363e-02 3.165895210385216707e-01
1.779304389918577242e-02 3.187140277222189066e-01
1.808244934877951612e-02 3.208366279859965475e-01
1.837656200388172387e-02 3.229571485201856440e-01
1.867545842761074090e-02 3.250754172101466555e-01
1.897921642839099643e-02 3.271912631824172024e-01
1.928791508020777715e-02 3.293045168498124342e-01
1.960163474319185847e-02 3.314150099554779016e-01
1.992045708453871189e-02 3.335225756158642918e-01
2.024446509976801645e-02 3.356270483626219159e-01
2.057374313432911578e-02 3.377282641833950771e-01
2.090837690555749986e-02 3.398260605615089913e-01
2.124845352498882720e-02 3.419202765145386014e-01
2.159406152103567761e-02 3.440107526317482955e-01
2.194529086203311427e-02 3.460973311103953121e-01
2.230223297965936227e-02 3.481798557908937219e-01
2.266498079273692942e-02 3.502581721908240020e-01
2.303362873142131284e-02 3.523321275377956363e-01
2.340827276178294308e-02 3.544015708011476473e-01
2.378901041078890916e-02 3.564663527224937178e-01
2.417594079169128191e-02 3.585263258451031332e-01
2.456916462982790261e-02 3.605813445421212071e-01
2.496878428884326609e-02 3.626312650436266383e-01
2.537490379733571555e-02 3.646759454625317920e-01
2.578762887593803732e-02 3.667152458193220221e-01
2.620706696483849837e-02 3.687490280656390285e-01
2.663332725174980681e-02 3.707771561067184640e-01
2.706652070033241375e-02 3.727994958226760192e-01
2.750676007908067419e-02 3.748159150886526403e-01
2.795415999067859397e-02 3.768262837938326504e-01
2.840883690183301086e-02 3.788304738593241128e-01
2.887090917359234551e-02 3.808283592549323027e-01
2.934049709215787172e-02 3.828198160148107432e-01
2.981772290019673449e-02 3.848047222520213362e-01
3.030271082866399512e-02 3.867829581719973708e-01
3.079558712914223437e-02 3.887544060849298377e-01
3.129648010670750546e-02 3.907189504170832661e-01
3.180552015332920035e-02 3.926764777210537405e-01
3.232283978181380718e-02 3.946268766849859722e-01
3.284857366030047299e-02 3.965700381407545327e-01
3.338285864731757591e-02 3.985058550711294556e-01
3.392583382740992082e-02 4.004342226159390838e-01
3.447764054734463873e-02 4.023550380772406010e-01
3.503842245290676033e-02 4.042682009235168961e-01
3.560832552629281805e-02 4.061736127929173046e-01
3.618749812411276717e-02 4.080711774955479987e-01
3.677609101601030800e-02 4.099608010148424464e-01
3.737425742391064371e-02 4.118423915080146047e-01
3.798215306190736579e-02 4.137158593056221578e-01
3.859993617679770977e-02 4.155811169102482383e-01
3.922776758927715157e-02 4.174380789943265002e-01
3.986581073580438422e-02 4.192866623971210904e-01
4.051423171114647281e-02 4.211267861208819463e-01
4.117319931161678853e-02 4.229583713261934053e-01
4.184288507901584575e-02 4.247813413265327798e-01
4.252346334528677579e-02 4.265956215820599917e-01
4.321511127789762208e-02 4.284011396926518112e-01
4.391800892596085804e-02 4.301978253902029037e-01
4.463233926710397093e-02 4.319856105302136706e-01
4.535828825510190843e-02 4.337644290826762061e-01
4.609604486828429437e-02 4.355342171222861269e-01
4.684580115873045181e-02 4.372949128179949296e-01
4.760775230226368254e-02 4.390464564219159760e-01
4.838209664925956915e-02 4.407887902576151928e-01
4.916903577628031069e-02 4.425218587077940358e-01
4.996877453854878942e-02 4.442456082013882535e-01
5.078152112327670442e-02 4.459599872001015486e-01
5.160748710385907462e-02 4.476649461843901223e-01
5.244688749495118874e-02 4.493604376389187527e-01
5.329994080844092930e-02 4.510464160375061704e-01
5.416686911033146562e-02 4.527228378275779397e-01
5.504789807854967854e-02 4.543896614141432755e-01
5.594325706169377826e-02 4.560468471433188897e-01
5.685317913873753209e-02 4.576943572854105247e-01
5.777790117970506983e-02 4.593321560175765983e-01
5.871766390733249713e-02 4.609602094060868405e-01
5.967271195973310183e-02 4.625784853881983461e-01
6.064329395408061402e-02 4.641869537536574830e-01
6.162966255132942134e-02 4.657855861258565211e-01
6.263207452198692182e-02 4.673743559426509764e-01
6.365079081295564600e-02 4.689532384368616524e-01
6.468607661546320331e-02 4.705222106164755891e-01
6.573820143409585259e-02 4.720812512445567988e-01
6.680743915695615265e-02 4.736303408188941022e-01
6.789406812696112403e-02 4.751694615513922804e-01
6.899837121430010822e-02 4.766985973472218641e-01
7.012063589007176689e-02 4.782177337837535402e-01
7.126115430111745752e-02 4.797268580892760648e-01
7.242022334607314815e-02 4.812259591215283239e-01
7.359814475265770428e-02 4.827150273460466545e-01
7.479522515621812861e-02 4.841940548143527367e-01
7.601177617955322263e-02 4.856630351419869429e-01
7.724811451403400253e-02 4.871219634864066839e-01
7.850456200204508628e-02 4.885708365247621865e-01
7.978144572076628638e-02 4.900096524315590285e-01
8.107909806731677937e-02 4.914384108562260822e-01
8.239785684528511123e-02 4.928571129005975271e-01
8.373806535266489770e-02 4.942657610963211434e-01
8.510007247122246266e-02 4.956643593822086524e-01
8.648423275731725868e-02 4.970529130815338759e-01
8.789090653419963373e-02 4.984314288792978109e-01
8.932045998580959156e-02 4.997999147994619529e-01
9.077326525210223374e-02 5.011583801821740680e-01
9.224970052592174063e-02 5.025068356609797560e-01
9.375015015145289621e-02 5.038452931400495549e-01
9.527500472427299916e-02 5.051737657714140406e-01
9.682466119303113905e-02 5.064922679322295673e-01
9.839952296278225985e-02 5.078008152020766497e-01
1.000000000000000056e-01 5.090994243403038633e-01
