1.000000000000000021e-08 7.071837678784831382e-07
1.016265089392995110e-08 1.800945518048990834e-06
1.032794731918952445e-08 1.375182757334947325e-06
1.049593230558226649e-08 2.466513805310377450e-06
1.066664958279538736e-08 2.379908613958647834e-06
1.084014359178330982e-08 1.940675979361650150e-06
1.101645949633656934e-08 6.354413033538008904e-07
1.119564319483879355e-08 3.255568301718803070e-06
1.137774133221490262e-08 2.745057370634462757e-06
1.156280131207375345e-08 2.793392585909160175e-06
1.175087130904807623e-08 2.381386780880845322e-06
1.194200028133532503e-08 2.529367370218693623e-06
1.213623798344241837e-08 1.764019043504205797e-06
1.233363497913774651e-08 1.355356614718417063e-06
1.253424265461399562e-08 2.477583268212235623e-06
1.273811323186478490e-08 1.378094536597096464e-06
1.294529978227915991e-08 2.134902071126987266e-06
1.315585624045705234e-08 2.240522541829825798e-06
1.336983741824945163e-08 2.448767872698098813e-06
1.358729901902709187e-08 3.160818917269381245e-06
1.380829765218092295e-08 3.185702823649272375e-06
1.403289084785873192e-08 2.252687811732378975e-06
1.426113707194129758e-08 3.004699847375391641e-06
1.449309574126215144e-08 2.434170029874671570e-06
1.472882723907501811e-08 2.882126595382672463e-06
1.496839293077255471e-08 2.048091997775003392e-06
1.521185517986104820e-08 3.260083936806879024e-06
1.545927736419478449e-08 3.147370149503281311e-06
1.571072389247448998e-08 3.218987101649695148e-06
1.596626022101425121e-08 2.752047050802453043e-06
1.622595287078086962e-08 2.521033104385672630e-06
1.648986944471064949e-08 2.783145576334966620e-06
1.675807864530768860e-08 3.054697590765265147e-06
1.703065029252842640e-08 3.344965058271753833e-06
1.730765534195724054e-08 2.999782457768773725e-06
1.758916590327732712e-08 3.412028216076556930e-06
1.787525525904235371e-08 3.798695040413413437e-06
1.816599788375328570e-08 3.369471061498430231e-06
1.846146946324545845e-08 3.371562467657795992e-06
1.876174691439119556e-08 3.979112555674291229e-06
1.906690840512251962e-08 3.975930486066481251e-06
1.937703337477988794e-08 3.641298061074493830e-06
1.969220255479173433e-08 3.750974408300855600e-06
2.001249798969034913e-08 4.173032095877715619e-06
2.033800305846979844e-08 3.902866661520398850e-06
2.066880249629081913e-08 3.923280709638987673e-06
2.100498241653915160e-08 4.244999658786774432e-06
2.134663033324245531e-08 4.160173657896670818e-06
2.169383518385182241e-08 4.320223399023603861e-06
2.204668735239407667e-08 4.408932261834586086e-06
2.240527869300018155e-08 4.426580249350386964e-06
2.276970255381679834e-08 4.061523982912262909e-06
2.314005380130653974e-08 4.536502064889091912e-06
2.351642884494350993e-08 4.714641039682554435e-06
2.389892566231047717e-08 4.515142699612617605e-06
2.428764382460450497e-08 4.492330109018283224e-06
2.468268452255692455e-08 4.703029976127481859e-06
2.508415059277541100e-08 4.736919804959605074e-06
2.549214654451425775e-08 4.687914252232694423e-06
2.590677858688006237e-08 4.758955698846989435e-06
2.632815465648019883e-08 4.822530338288721907e-06
2.675638444552045216e-08 4.957854067955125288e-06
2.719157943036018985e-08 5.334120367739281221e-06
2.763385290053172716e-08 5.122028766346709006e-06
2.808331998823169829e-08 5.162979731299088826e-06
2.854009769829237414e-08 5.324667677775174468e-06
2.900430493863991500e-08 5.690724311224748533e-06
2.947606255124858740e-08 5.494592648203067142e-06
2.995549334359816154e-08 5.819590194522383797e-06
3.044272212064299607e-08 5.696620024475684829e-06
3.093787571730136651e-08 5.991789561954341536e-06
3.144108303147264744e-08 5.811337475902789151e-06
3.195247505759213554e-08 6.220513740884392462e-06
3.247218492073131890e-08 6.281969181842761429e-06
3.300034791125282055e-08 6.408028836557555508e-06
3.353710152002928723e-08 6.458459222646872888e-06
3.408258547423452176e-08 6.410014490088045136e-06
3.463694177371734093e-08 6.416608527182177113e-06
3.520031472796682789e-08 6.678402947657424704e-06
3.577285099367869991e-08 6.894494023690356244e-06
3.635469961293318112e-08 7.015520616326931247e-06
3.694601205199302233e-08 6.949400395139804232e-06
3.754694224073336784e-08 7.210118630696094044e-06
3.815764661271252174e-08 7.148539753143445807e-06
3.877828414589453252e-08 7.430975445532617130e-06
3.940901640403447515e-08 7.419288117649358583e-06
4.005000757873611176e-08 7.608184515506266621e-06
4.070142453219439185e-08 7.711384901076812071e-06
4.136343684063277745e-08 7.747574764183084994e-06
4.203621683844717915e-08 7.895667959556540438e-06
4.271993966306776573e-08 8.156820723970170661e-06
4.341478330055092286e-08 8.254538759078222654e-06
4.412092863191190232e-08 8.281150360334166294e-06
4.483855948021190636e-08 8.525663607983346992e-06
4.556786265841068465e-08 8.659243786679482469e-06
4.630902801799736922e-08 8.747839044587202295e-06
4.706224849841281539e-08 8.989566247508129493e-06
4.782772017727485049e-08 9.066628084974936996e-06
4.860564232142138588e-08 9.163143815382746027e-06
4.939621743878325726e-08 9.392163964339061977e-06
5.019965133110078918e-08 9.520464694379171533e-06
5.101615314749833786e-08 9.625633231036268000e-06
5.184593543892912712e-08 9.775443759463264826e-06
5.268921421350676915e-08 9.963793003997523101e-06
5.354620899273612896e-08 1.013513609660066095e-05
5.441714286865887210e-08 1.028656200696698164e-05
5.530224256192900145e-08 1.052096417175629739e-05
5.620173848083188292e-08 1.061706856231303675e-05
5.711586478126434916e-08 1.086086251611551035e-05
5.804485942768983740e-08 1.103101675381523705e-05
5.898896425508493303e-08 1.119929075099612703e-05
5.994842503189409424e-08 1.140451244507900697e-05
6.092349152400711584e-08 1.158621088093170215e-05
6.191441755977847689e-08 1.173389048225725872e-05
6.292146109610350070e-08 1.194210914978732774e-05
6.394488428556936010e-08 1.213541170641541100e-05
6.498495354469888085e-08 1.229697737215040831e-05
6.604193962330305823e-08 1.253093621256251566e-05
6.711611767496286717e-08 1.268217940741944716e-05
6.820776732865692255e-08 1.291156438609775137e-05
6.931717276155400840e-08 1.310880956673088349e-05
7.044462277299036794e-08 1.332469627912669097e-05
7.159041085964888045e-08 1.355982572992520119e-05
7.275483529196231984e-08 1.378701738707910351e-05
7.393819919175873408e-08 1.403469609995156020e-05
7.514081061116961850e-08 1.420845253408131725e-05
7.636298261282241588e-08 1.444231549863062014e-05
7.760503335133571367e-08 1.469231341832966109e-05
7.886728615614155644e-08 1.493643684125078863e-05
8.015006961565413044e-08 1.519631188984238435e-05
8.145371766280737258e-08 1.542107596763653277e-05
8.277856966198471773e-08 1.568242961480503794e-05
8.412497049736118078e-08 1.591664309497087260e-05
8.549327066268384629e-08 1.618862083829775145e-05
8.688382635251192821e-08 1.647868854715017761e-05
8.829699955494083135e-08 1.673404000790412738e-05
8.973315814583520204e-08 1.700269771154339082e-05
9.119267598459297759e-08 1.729325023802630312e-05
9.267593301146883668e-08 1.755359094135489073e-05
9.418331534647960283e-08 1.782859567656114308e-05
9.571521538991856055e-08 1.813592487931448005e-05
9.727203192450536562e-08 1.842310348598719116e-05
9.885417021919572961e-08 1.873911738092814971e-05
1.004620421346813191e-07 1.905095757515073984e-05
1.020960662306047507e-07 1.932824251282827532e-05
1.037566678745184818e-07 1.964628890760433677e-05
1.054442793526168454e-07 1.998659700552796181e-05
1.071593399822671165e-07 2.029719286644748877e-05
1.089022962263730555e-07 2.064354937370005416e-05
1.106736018095974501e-07 2.096866504663896791e-05
1.124737178364750763e-07 2.130642880815436513e-05
1.143031129114478678e-07 2.165021616828965989e-05
1.161622632608501812e-07 2.199871724339885759e-05
1.180516528568805511e-07 2.236786888509811888e-05
1.199717735435885631e-07 2.272904309508216869e-05
1.219231251649109383e-07 2.310761622770218793e-05
1.239062156947915701e-07 2.346433696365224364e-05
1.259215613694151061e-07 2.385562099449511919e-05
1.279696868215941652e-07 2.425376451964389446e-05
1.300511252173409858e-07 2.464706431182239754e-05
1.321664183946603918e-07 2.503949327681276316e-05
1.343161170046015304e-07 2.545185450497644553e-05
1.365007806546013903e-07 2.586948766492014329e-05
1.387209780541621071e-07 2.628046663011307515e-05
1.409772871628967586e-07 2.671640496132443587e-05
1.432702953409829562e-07 2.714173388662644015e-05
1.456005995020648655e-07 2.757830901523039557e-05
1.479688062686396267e-07 2.802894398479249816e-05
1.503755321299738365e-07 2.849578986796608149e-05
1.528214036025870954e-07 2.895484952392113343e-05
1.553070573933458456e-07 2.943085002371503833e-05
1.578331405652116518e-07 2.989700252820082227e-05
1.604003107056819881e-07 3.038374399189081032e-05
1.630092360979741138e-07 3.088106172166593666e-05
1.656605958949915327e-07 3.139024649223554064e-05
1.683550802961200715e-07 3.189605062159373006e-05
1.710933907269013290e-07 3.241145525967326080e-05
1.738762400216250540e-07 3.294068973402897171e-05
1.767043526088946617e-07 3.348245907230928964e-05
1.795784647002096697e-07 3.402311626277132461e-05
1.824993244816150550e-07 3.457734684508828593e-05
1.854676923084697568e-07 3.513409927280441991e-05
1.884843409033795357e-07 3.570945590491980681e-05
1.915500555573527936e-07 3.629278269234870180e-05
1.946656343342263367e-07 3.687898053972293866e-05
1.978318882784162208e-07 3.748023042471348987e-05
2.010496416260497127e-07 3.808799750038005527e-05
2.043197320195270474e-07 3.870821888229958319e-05
2.076430107255774870e-07 3.934114515280473512e-05
2.110203428568596572e-07 3.997479192108244206e-05
2.144526075971665378e-07 4.062979347496664673e-05
2.179406984302953533e-07 4.128940354031218618e-05
2.214855233726359380e-07 4.195766925407795611e-05
2.250880052095461857e-07 4.264568164713544718e-05
2.287490817355704078e-07 4.333608596240878796e-05
2.324697059985645525e-07 4.404422379722383596e-05
2.362508465477945104e-07 4.475987551233462369e-05
2.400934876860651595e-07 4.548702971074458645e-05
2.439986297259550047e-07 4.622586681979345968e-05
2.479672892502159966e-07 4.697959881083679790e-05
2.520004993764089383e-07 4.774347307523463257e-05
2.560993100258456838e-07 4.851917680404049804e-05
2.602647881969004651e-07 4.930865793384420215e-05
2.644980182427720070e-07 5.010849003383999190e-05
2.688001021537607504e-07 5.092571782905341848e-05
2.731721598441373654e-07 5.175018240022311033e-05
2.776153294436797922e-07 5.259533523360726548e-05
2.821307675939470486e-07 5.344708899612804487e-05
2.867196497493769966e-07 5.431869086536256219e-05
2.913831704832788474e-07 5.520231430766742164e-05
2.961225437988031500e-07 5.609829848773895122e-05
3.009390034449724303e-07 5.701307552719026006e-05
3.058338032378431566e-07 5.793702462608685266e-05
3.108082173869063920e-07 5.888176489643459632e-05
3.158635408267819256e-07 5.983695076228201515e-05
3.210010895543168453e-07 6.080977135902720931e-05
3.262222009711673251e-07 6.180076997575056907e-05
3.315282342319423480e-07 6.280453461271484628e-05
3.369205705980267328e-07 6.382548153682776615e-05
3.424006137971425436e-07 6.486370906177985063e-05
3.479697903887687909e-07 6.591967841829138308e-05
3.536295501355046578e-07 6.699211934246829259e-05
3.593813663804625413e-07 6.808247676615142296e-05
3.652267364308175408e-07 6.918727597815532704e-05
3.711671819475767101e-07 7.031250199240890453e-05
3.772042493416993616e-07 7.145675407316254280e-05
3.833395101766605394e-07 7.261896859467320553e-05
3.895745615775500918e-07 7.380075657770213127e-05
3.959110266468458876e-07 7.500113614189451994e-05
4.023505548869293084e-07 7.621904789512079503e-05
4.088948226294864306e-07 7.745900571765051978e-05
4.155455334718879651e-07 7.871937315129251544e-05
4.223044187206672270e-07 7.999977351025311378e-05
4.291732378422157257e-07 8.129952462276879288e-05
4.361537789208005614e-07 8.262276214743291547e-05
4.432478591240400518e-07 8.396633720908486254e-05
4.504573251759462753e-07 8.533166307422845875e-05
4.577840538376616380e-07 8.671907611235152302e-05
4.652299523960189011e-07 8.812887277476200154e-05
4.727969591600390720e-07 8.956203960253095175e-05
4.804870439655133784e-07 9.101854554938171304e-05
4.883022086877884378e-07 9.249890358065115947e-05
4.962444877628913673e-07 9.400334692388767621e-05
5.043159487171359161e-07 9.553128667971755306e-05
5.125186927053332351e-07 9.708439737232676947e-05
5.208548550577665794e-07 9.866290090654317169e-05
5.293266058360566796e-07 1.002685359252630803e-04
5.379361503980697196e-07 1.018988508449947261e-04
5.466857299720180573e-07 1.035555657571407551e-04
5.555776222398877301e-07 1.052393527476436219e-04
5.646141419303672361e-07 1.069502179714687529e-04
5.737976414214139612e-07 1.086897249112928066e-04
5.831305113526218361e-07 1.104569674972299964e-04
5.926151812475552896e-07 1.122534460198387762e-04
6.022541201461927509e-07 1.140788874104403661e-04
6.120498372476702854e-07 1.159339009191295844e-04
6.220048825634717926e-07 1.178184939726323321e-04
6.321218475812448096e-07 1.197341649958882925e-04
6.424033659394190549e-07 1.216816874118897829e-04
6.528521141127847315e-07 1.236601838543460730e-04
6.634708121092350418e-07 1.256703271762527052e-04
6.742622241778349095e-07 1.277142623099525309e-04
6.852291595284057501e-07 1.297904649006920152e-04
6.963744730628222709e-07 1.319013256806389478e-04
7.077010661181889092e-07 1.340457287273277842e-04
7.192118872221193113e-07 1.362257857333570854e-04
7.309099328602918614e-07 1.384406283646555380e-04
7.427982482564911104e-07 1.406917526620699022e-04
7.548799281653431580e-07 1.429793292542225203e-04
7.671581176779302778e-07 1.453038718302046561e-04
7.796360130405236458e-07 1.476662936812367377e-04
7.923168624866261349e-07 1.500671171527079295e-04
8.052039670825469881e-07 1.525071415540146802e-04
8.183006815867389787e-07 1.549871161042881695e-04
8.316104153230961550e-07 1.575070244151932641e-04
8.451366330684722093e-07 1.600675841645360364e-04
8.588828559546258306e-07 1.626705194374133967e-04
8.728526623848370902e-07 1.653150377539658322e-04
8.870496889654402904e-07 1.680030726273207264e-04
9.014776314524917028e-07 1.707343366406099960e-04
9.161402457138521424e-07 1.735102974377289442e-04
9.310413487069085223e-07 1.763312478725298504e-04
9.461848194721991931e-07 1.791982446841533516e-04
9.615746001432095654e-07 1.821116343579953778e-04
9.772146969725724298e-07 1.850724389217406340e-04
9.931091813749800272e-07 1.880810389769393964e-04
1.009262190987048422e-06 1.911389424715803642e-04
1.025677930744420800e-06 1.942462907076336620e-04
1.042360673976401061e-06 1.974045484076647483e-04
1.059314763518370023e-06 2.006138090422382447e-04
1.076544612842315852e-06 2.038751315766029748e-04
1.094054707205743622e-06 2.071894633198789748e-04
1.111849604819269788e-06 2.105579385063283127e-04
1.129933938033221742e-06 2.139808508806462228e-04
1.148312414543511196e-06 2.174593741656183354e-04
1.166989818617147488e-06 2.209946171961574279e-04
1.185971012337670574e-06 2.245871225001749849e-04
1.205260936870841443e-06 2.282382838755259158e-04
1.224864613750930682e-06 2.319483863394422585e-04
1.244787146187906095e-06 2.357191374179334886e-04
1.265033720395903716e-06 2.395509839516751782e-04
1.285609606943296477e-06 2.434449662999105257e-04
1.306520162124719865e-06 2.474022178509116543e-04
1.327770829355428974e-06 2.514239150331887274e-04
1.349367140588306489e-06 2.555108606818734529e-04
1.371314717753945535e-06 2.596642383413394484e-04
1.393619274224143468e-06 2.638851567487998651e-04
1.416286616299197281e-06 2.681745805237500946e-04
1.439322644719406585e-06 2.725336719412441155e-04
1.462733356201129952e-06 2.769635331559827662e-04
1.486524844997857111e-06 2.814654059956067655e-04
1.510703304486655702e-06 2.860403767473984615e-04
1.535275028780421201e-06 2.906895498649975096e-04
1.560246414366371105e-06 2.954144127320645907e-04
1.585623961771137209e-06 3.002159971315920828e-04
1.611414277253019916e-06 3.050954547517692461e-04
1.637624074521688946e-06 3.100543118398357834e-04
1.664260176485901778e-06 3.150936089205691459e-04
1.691329517029650428e-06 3.202147226987195339e-04
1.718839142817145670e-06 3.254190769016451767e-04
1.746796215127245610e-06 3.307079465095785764e-04
1.775208011717636075e-06 3.360827107035113670e-04
1.804081928719380951e-06 3.415446349060990983e-04
1.833425482562292654e-06 3.470954266567849444e-04
1.863246311931559818e-06 3.527362241623199779e-04
1.893552179756295206e-06 3.584686859802177494e-04
1.924350975230332279e-06 3.642942227981560421e-04
1.955650715865946999e-06 3.702143319996853421e-04
1.987459549580985976e-06 3.762305433299140134e-04
2.019785756819878467e-06 3.823444821563493079e-04
2.052637752709252226e-06 3.885575967305099354e-04
2.086024089248504694e-06 3.948717147762570434e-04
2.119953457536069015e-06 4.012881981364513351e-04
2.154434690031886471e-06 4.078089789326666548e-04
2.189476762856620668e-06 4.144355367647900579e-04
2.225088798128369440e-06 4.211696956133437197e-04
2.261280066337279372e-06 4.280131237690554258e-04
2.298059988758848964e-06 4.349676359274301518e-04
2.335438139906481616e-06 4.420351033208591573e-04
2.373424250023866098e-06 4.492171996981486615e-04
2.412028207618006978e-06 4.565159551889186318e-04
2.451260062033339965e-06 4.639330978863931421e-04
2.491130026067785964e-06 4.714706401133250679e-04
2.531648478631357950e-06 4.791304768165804973e-04
2.572825967447932223e-06 4.869146237775900943e-04
2.614673211801092052e-06 4.948251131119407731e-04
2.657201105324506616e-06 5.028639611440732793e-04
2.700420718837769789e-06 5.110332304929521285e-04
2.744343303228368328e-06 5.193351037767746092e-04
2.788980292380439744e-06 5.277716312731550730e-04
2.834343306151309184e-06 5.363450157837013066e-04
2.880444153396297871e-06 5.450575087380116202e-04
2.927294835042813193e-06 5.539113728276756632e-04
2.974907547214443381e-06 5.629088538423587806e-04
3.023294684405776334e-06 5.720522743366540652e-04
3.072468842709003493e-06 5.813440055090213221e-04
3.122442823092858074e-06 5.907864603977852624e-04
3.173229634734973124e-06 6.003820815654314913e-04
3.224842498408445454e-06 6.101333297643396492e-04
3.277294849923382168e-06 6.200427109349648802e-04
3.330600343624588548e-06 6.301127909364989677e-04
3.384772855945982993e-06 6.403461788608844074e-04
3.439826489022921063e-06 6.507455103937909158e-04
3.495775574363278632e-06 6.613134700388378917e-04
3.552634676578139464e-06 6.720527731873815469e-04
3.610418597173337456e-06 6.829661702123512868e-04
3.669142378402493899e-06 6.940565366958528770e-04
3.728821307182830034e-06 7.053266766035015678e-04
3.789470919074671417e-06 7.167795110474273201e-04
3.851107002325569028e-06 7.284180127823391970e-04
3.913745601980383925e-06 7.402451353081263008e-04
3.977403024058036353e-06 7.522639586812207568e-04
4.042095839796302090e-06 7.644775833880457228e-04
4.107840889965650877e-06 7.768891404075217721e-04
4.174655289253134888e-06 7.895018141202969630e-04
4.242556430717776958e-06 8.023188706908213064e-04
4.311561990318228494e-06 8.153436170394989801e-04
4.381689931514185333e-06 8.285793771756200243e-04
4.452958509942660131e-06 8.420295820464884784e-04
4.525386278170166693e-06 8.556976728408827171e-04
4.598992090522438309e-06 8.695871865885829166e-04
4.673795107992463609e-06 8.837016626673799280e-04
4.749814803228495024e-06 8.980447639844735264e-04
4.827070965603187770e-06 9.126201668326894278e-04
4.905583706365045857e-06 9.274316028134999002e-04
4.985373463873893773e-06 9.424828921691386086e-04
5.066461008921268308e-06 9.577778938820724619e-04
5.148867450137487247e-06 9.733205399009570158e-04
5.232614239486667200e-06 9.891148323897258621e-04
5.317723177850966182e-06 1.005164801279656572e-03
5.404216420705915271e-06 1.021474582871828574e-03
5.492116483887788865e-06 1.038048367246524606e-03
5.581446249454954941e-06 1.054890388612950147e-03
5.672228971644549552e-06 1.072004976445106728e-03
5.764488282925873171e-06 1.089396532483855040e-03
5.858248200152535830e-06 1.107069491901535585e-03
5.953533130814370033e-06 1.125028393936244875e-03
6.050367879391212089e-06 1.143277839549483588e-03
6.148777653810029084e-06 1.161822508378929086e-03
6.248788072006888211e-06 1.180667142717584106e-03
6.350425168595962254e-06 1.199816572268308512e-03
6.453715401646702034e-06 1.219275692629140373e-03
6.558685659571422142e-06 1.239049488350407735e-03
6.665363268124920326e-06 1.259143024080700002e-03
6.773775997517744987e-06 1.279561422215746980e-03
6.883952069645496021e-06 1.300309916558495260e-03
6.995920165435374508e-06 1.321393805453818793e-03
7.109709432312424079e-06 1.342818478813900818e-03
7.225349491787221566e-06 1.364589409323158087e-03
7.342870447166757580e-06 1.386712147289692609e-03
7.462302891391107415e-06 1.409192354299593219e-03
7.583677914997190766e-06 1.432035762855554673e-03
7.707027114212287592e-06 1.455248190209479375e-03
7.832382599179204906e-06 1.478835575253523160e-03
7.959777002314978321e-06 1.502803913610795128e-03
8.089243486805938269e-06 1.527159325597327033e-03
8.220815755240541055e-06 1.551908012354497046e-03
8.354528058382854806e-06 1.577056279281507933e-03
8.490415204088755231e-06 1.602610524903957945e-03
8.628512566366886081e-06 1.628577256450824962e-03
8.768856094587426870e-06 1.654963081711979811e-03
8.911482322840200959e-06 1.681774704644256602e-03
9.056428379445293633e-06 1.709018944910600801e-03
9.203731996618229962e-06 1.736702731045092207e-03
9.353431520292377225e-06 1.764833088131689820e-03
9.505565920101190930e-06 1.793417158192922578e-03
9.660174799522645609e-06 1.822462202799246533e-03
9.817298406188840434e-06 1.851975591193988357e-03
9.976977642363212323e-06 1.881964801845437130e-03
1.013925407558814327e-05 1.912437441522474302e-03
1.030416994950587402e-05 1.943401230948826885e-03
1.047176819485520245e-05 1.974864009150367750e-03
1.064209244064724650e-05 2.006833749786718357e-03
1.081518702552289214e-05 2.039318534246437054e-03
1.099109700929496075e-05 2.072326585073391847e-03
1.116986818467822625e-05 2.105866243655496461e-03
1.135154708920999101e-05 2.139945988604008420e-03
1.153618101736478473e-05 2.174574423523756295e-03
1.172381803286599682e-05 2.209760295494578308e-03
1.191450698119774729e-05 2.245512478413425050e-03
1.210829750232039467e-05 2.281839991007172941e-03
1.230524004359261647e-05 2.318751989768941257e-03
1.250538587290391306e-05 2.356257773302616876e-03
1.270878709202059429e-05 2.394366786841795047e-03
1.291549665014882683e-05 2.433088619871459635e-03
1.312556835771842841e-05 2.472433012028374399e-03
1.333905690039058705e-05 2.512409857049813233e-03
1.355601785329368979e-05 2.553029193557931897e-03
1.377650769549055046e-05 2.594301224923545313e-03
1.400058382468096031e-05 2.636236307524408851e-03
1.422830457214351858e-05 2.678844957488490941e-03
1.445972921792019565e-05 2.722137856873585449e-03
1.469491800624817218e-05 2.766125846512812458e-03
1.493393216124253386e-05 2.810819940871400746e-03
1.517683390283403825e-05 2.856231321533786449e-03
1.542368646296627532e-05 2.902371341501064350e-03
1.567455410205594862e-05 2.949251527705532006e-03
1.592950212572123044e-05 2.996883586345311379e-03
1.618859690178199096e-05 3.045279402474343478e-03
1.645190587753660725e-05 3.094451043161416948e-03
1.671949759731991612e-05 3.144410759780891240e-03
1.699144172034626135e-05 3.195170992221219031e-03
1.726780903884356100e-05 3.246744370625331833e-03
1.754867149648151891e-05 3.299143715905339391e-03
1.783410220710006182e-05 3.352382046678314964e-03
1.812417547374239337e-05 3.406472579738140105e-03
1.841896680799710997e-05 3.461428731933779979e-03
1.871855294965579252e-05 3.517264125731500712e-03
1.902301188668945850e-05 3.573992589673280484e-03
1.933242287555043403e-05 3.631628161562483470e-03
1.964686646180448403e-05 3.690185091798747763e-03
1.996642450109793374e-05 3.749677847505128447e-03
2.029118018046678154e-05 3.810121114830256062e-03
2.062121803999144521e-05 3.871529798895378960e-03
2.095662399480430758e-05 3.933919033593746839e-03
2.129748535745523187e-05 3.997304176574179024e-03
2.164389086064020347e-05 4.061700820125135891e-03
2.199593068030074845e-05 4.127124788257052757e-03
2.235369645909796436e-05 4.193592143604152334e-03
2.271728133026902697e-05 4.261119187530471031e-03
2.308677994187171946e-05 4.329722468305763350e-03
2.346228848142262524e-05 4.399418778764707660e-03
2.384390470093720405e-05 4.470225163061725127e-03
2.423172794237600676e-05 4.542158919324856825e-03
2.462585916350544169e-05 4.615237603050825754e-03
2.502640096417921810e-05 4.689479029669318955e-03
2.543345761304648090e-05 4.764901279890709773e-03
2.584713507469563873e-05 4.841522700591016637e-03
2.626754103723838489e-05 4.919361910694530771e-03
2.669478494034318111e-05 4.998437803932609391e-03
2.712897800372469909e-05 5.078769551960737871e-03
2.757023325609582679e-05 5.160376608101313600e-03
2.801866556459195316e-05 5.243278711935972503e-03
2.847439166467247799e-05 5.327495891206845968e-03
2.893753019050947418e-05 5.413048467816650167e-03
2.940820170587066820e-05 5.499957059158289141e-03
2.988652873550382686e-05 5.588242584377733913e-03
3.037263579703311443e-05 5.677926265570398812e-03
3.086664943337274645e-05 5.769029633445721394e-03
3.136869824566873116e-05 5.861574531504598617e-03
3.187891292677648815e-05 5.955583117733587173e-03
3.239742629528195378e-05 6.051077870417365112e-03
3.292437333007768632e-05 6.148081591759613218e-03
3.345989120549975091e-05 6.246617411711286039e-03
3.400411932703702948e-05 6.346708790983313087e-03
3.455719936762143251e-05 6.448379527410064149e-03
3.511927530450727994e-05 6.551653757120523558e-03
3.569049345675229896e-05 6.656555960919185999e-03
3.627100252330647985e-05 6.763110967506591464e-03
3.686095362172154264e-05 6.871343956886932780e-03
3.746050032748996612e-05 6.981280466173189758e-03
3.806979871402284228e-05 7.092946392043719683e-03
3.868900739327975645e-05 7.206367995703288898e-03
3.931828755705769966e-05 7.321571907391910550e-03
3.995780301895265397e-05 7.438585130244423915e-03
4.060772025700369657e-05 7.557435043864413338e-03
4.126820845702951608e-05 7.678149410143997322e-03
4.193943955667186254e-05 7.800756375543671517e-03
4.262158829015324943e-05 7.925284477247496184e-03
4.331483223376393757e-05 8.051762646273608048e-03
4.401935185208879207e-05 8.180220211865818492e-03
4.473533054498463085e-05 8.310686906246478323e-03
4.546295469532399562e-05 8.443192868727744660e-03
4.620241371751313139e-05 8.577768649710715287e-03
4.695390010680053220e-05 8.714445215704413883e-03
4.771760948938750521e-05 8.853253952522788239e-03
4.849374067335233355e-05 8.994226670984706296e-03
4.928249570040513461e-05 9.137395609825293974e-03
5.008407989848212116e-05 9.282793441248937683e-03
5.089870193519674814e-05 9.430453274475114611e-03
5.172657387216024049e-05 9.580408660120331987e-03
5.256791122018419400e-05 9.732693594733943243e-03
5.342293299538352475e-05 9.887342524911302277e-03
5.429186177618943007e-05 1.004439035144488734e-02
5.517492376129117199e-05 1.020387243384801579e-02
5.607234882852038467e-05 1.036582459429480352e-02
5.698437059469136365e-05 1.053028312219606022e-02
5.791122647641758420e-05 1.069728477788478571e-02
5.885315775191450485e-05 1.086686679701209801e-02
5.981040962380931695e-05 1.103906689495504079e-02
6.078323128297236501e-05 1.121392327022907587e-02
6.177187597338488134e-05 1.139147460933231937e-02
6.277660105806499695e-05 1.157176008999483141e-02
6.379766808606282991e-05 1.175481938564271189e-02
6.483534286054713498e-05 1.194069266939601359e-02
6.588989550799956058e-05 1.212942061736210775e-02
6.696160054853215278e-05 1.232104441320869270e-02
6.805073696735206717e-05 1.251560575137544706e-02
6.915758828738525219e-05 1.271314684098312497e-02
7.028244264308337646e-05 1.291371040946376336e-02
7.142559285543133394e-05 1.311733970631479007e-02
7.258733650817245705e-05 1.332407850632488788e-02
7.376797602527730984e-05 1.353397111299470268e-02
7.496781874966877322e-05 1.374706236235201384e-02
7.618717702322983626e-05 1.396339762565212972e-02
7.742636826811278249e-05 1.418302281287853184e-02
7.868571506936843291e-05 1.440598437582019109e-02
7.996554525892345903e-05 1.463232931097457890e-02
8.126619200091945365e-05 1.486210516247554736e-02
8.258799387844254533e-05 1.509536002491318474e-02
8.393129498166373591e-05 1.533214254595793857e-02
8.529644499741016815e-05 1.557250192892911667e-02
8.668379930019773523e-05 1.581648793530976427e-02
8.809371904473991286e-05 1.606415088692791926e-02
8.952657125996382206e-05 1.631554166821247431e-02
9.098272894455568119e-05 1.657071172816826365e-02
9.246257116405733111e-05 1.682971308242031672e-02
9.396648314954690162e-05 1.709259831475051783e-02
9.549485639791966557e-05 1.735942057878148148e-02
9.704808877380307014e-05 1.763023359939808188e-02
9.862658461312830713e-05 1.790509167404652491e-02
1.002307548283864352e-04 1.818404967368802971e-02
1.018610170155975281e-04 1.846716304390039198e-02
1.035177955630176228e-04 1.875448780530919457e-02
1.052015217616159118e-04 1.904608055438161696e-02
1.069126339173477141e-04 1.934199846358364283e-02
1.086515774652537295e-04 1.964229928152361193e-02
1.104188050854160164e-04 1.994704133281111069e-02
1.122147768207980290e-04 2.025628351782304826e-02
1.140399601970033122e-04 2.057008531204529422e-02
1.158948303439811801e-04 2.088850676531750494e-02
1.177798701197118084e-04 2.121160850076209137e-02
1.196955702359042841e-04 2.153945171353188748e-02
1.216424293857368039e-04 2.187209816924884365e-02
1.236209543736769146e-04 2.220961020217870896e-02
1.256316602474121533e-04 2.255205071306343179e-02
1.276750704319264313e-04 2.289948316686918339e-02
1.297517168657586742e-04 2.325197159004543934e-02
1.318621401394748458e-04 2.360958056753614809e-02
1.340068896363950598e-04 2.397237523954021121e-02
1.361865236756082756e-04 2.434042129789659725e-02
1.384016096573130147e-04 2.471378498218157471e-02
1.406527242105236439e-04 2.509253307543957145e-02
1.429404533431761061e-04 2.547673289961216447e-02
1.452653925946781202e-04 2.586645231060114014e-02
1.476281471909391145e-04 2.626175969291366652e-02
1.500293322019216613e-04 2.666272395408586515e-02
1.524695727017572945e-04 2.706941451853484004e-02
1.549495039314631646e-04 2.748190132124861407e-02
1.574697714643086743e-04 2.790025480088709209e-02
1.600310313738701764e-04 2.832454589258548427e-02
1.626339504048190531e-04 2.875484602036104675e-02
1.652792061464893926e-04 2.919122708899091201e-02
1.679674872092653225e-04 2.963376147563223650e-02
1.706994934038408014e-04 3.008252202081995730e-02
1.734759359233932583e-04 3.053758201919820614e-02
1.762975375287203833e-04 3.099901520965142598e-02
1.791650327363899435e-04 3.146689576508820974e-02
1.820791680099462359e-04 3.194129828167968643e-02
1.850407019542302061e-04 3.242229776763572158e-02
1.880504055128583358e-04 3.290996963154357857e-02
1.911090621689135881e-04 3.340438967015935123e-02
1.942174681489024571e-04 3.390563405569546607e-02
1.973764326300255292e-04 3.441377932266997952e-02
2.005867779508234102e-04 3.492890235414369826e-02
2.038493398252464264e-04 3.545108036751087877e-02
2.071649675602066755e-04 3.598039089969728987e-02
2.105345242766704040e-04 3.651691179188620850e-02
2.139588871343421563e-04 3.706072117363290452e-02
2.174389475600079977e-04 3.761189744647897015e-02
2.209756114795903147e-04 3.817051926698966646e-02
2.245697995539771826e-04 3.873666552920462802e-02
2.282224474186896198e-04 3.931041534656520842e-02
2.319345059274427543e-04 3.989184803323575501e-02
2.357069413996727843e-04 4.048104308485789282e-02
2.395407358720879286e-04 4.107808015870773044e-02
2.434368873543112913e-04 4.168303905326264935e-02
2.473964100886811538e-04 4.229599968720920700e-02
2.514203348142796828e-04 4.291704207780133729e-02
2.555097090352507149e-04 4.354624631866688134e-02
2.596655972934872546e-04 4.418369255697240927e-02
2.638890814457513006e-04 4.482946097001316854e-02
2.681812609453012686e-04 4.548363174117497909e-02
2.725432531281027707e-04 4.614628503529605297e-02
2.769761935036891046e-04 4.681750097342474159e-02
2.814812360507581339e-04 4.749735960695433690e-02
2.860595535175745148e-04 4.818594089115302292e-02
2.907123377272575549e-04 4.888332465809053229e-02
2.954407998880379709e-04 4.958959058896050820e-02
3.002461709085549389e-04 5.030481818576360009e-02
3.051297017182870593e-04 5.102908674244932552e-02
3.100926635931929671e-04 5.176247531538702429e-02
3.151363484866476195e-04 5.250506269329779929e-02
3.202620693657650080e-04 5.325692736656184589e-02
3.254711605531848163e-04 5.401814749594291420e-02
3.307649780744242331e-04 5.478880088075144261e-02
3.361449000108768324e-04 5.556896492641383301e-02
3.416123268585525207e-04 5.635871661146651945e-02
3.471686818926559680e-04 5.715813245403145171e-02
3.528154115380883050e-04 5.796728847769516690e-02
3.585539857459817017e-04 5.878626017687238470e-02
3.643858983763548090e-04 5.961512248163491900e-02
3.703126675869923340e-04 6.045394972203388395e-02
3.763358362286532656e-04 6.130281559188632823e-02
3.824569722466999088e-04 6.216179311209346636e-02
3.886776690892667719e-04 6.303095459347862750e-02
3.949995461220647160e-04 6.391037159913681709e-02
4.014242490499317709e-04 6.480011490637538341e-02
4.079534503452448896e-04 6.570025446817218118e-02
4.145888496832911426e-04 6.661085937425992309e-02
4.213321743847288901e-04 6.753199781178542693e-02
4.281851798652415507e-04 6.846373702560593077e-02
4.351496500925045312e-04 6.940614327822192120e-02
4.422273980505897289e-04 7.035928180936412701e-02
4.494202662119142376e-04 7.132321679526998359e-02
4.567301270168746923e-04 7.229801130767465889e-02
4.641588833612782196e-04 7.328372727251208918e-02
4.717084690917012373e-04 7.428042542838697582e-02
4.793808495089107069e-04 7.528816528481407921e-02
4.871780218794630885e-04 7.630700508026533324e-02
4.951020159556351191e-04 7.733700174005841976e-02
5.031548945038056761e-04 7.837821083408103018e-02
5.113387538414320560e-04 7.943068653442353355e-02
5.196557243827657369e-04 8.049448157292438122e-02
5.281079711934330654e-04 8.156964719865278379e-02
5.366976945540475642e-04 8.265623313537762140e-02
5.454271305329836403e-04 8.375428753903912948e-02
5.542985515684662997e-04 8.486385695527087769e-02
5.633142670601351629e-04 8.598498627698258900e-02
5.724766239702178735e-04 8.711771870206486135e-02
5.817880074344935256e-04 8.826209569122023257e-02
5.912508413831881436e-04 8.941815692598842347e-02
6.008675891719680948e-04 9.058594026696598078e-02
6.106407542232036075e-04 9.176548171228593453e-02
6.205728806776500623e-04 9.295681535637700943e-02
6.306665540567405869e-04 9.415997334904602223e-02
6.409244019356456464e-04 9.537498585491577252e-02
6.513490946272796050e-04 9.660188101326094845e-02
6.619433458774387925e-04 9.784068489828245951e-02
6.727099135712337041e-04 9.909142147984162374e-02
6.836516004510238267e-04 1.003541125847219329e-01
6.947712548460240100e-04 1.016287778584282764e-01
7.060717714137765624e-04 1.029154347275818004e-01
7.175560918936921447e-04 1.042140983629371576e-01
7.292272058728313045e-04 1.055247816430722185e-01
7.410881515641569396e-04 1.068474951187806665e-01
7.531420165974375561e-04 1.081822469782076634e-01
7.653919388230155619e-04 1.095290430127758841e-01
7.778411071286482192e-04 1.108878865839286743e-01
7.904927622696419996e-04 1.122587785907326330e-01
8.033501977124734390e-04 1.136417174383900219e-01
8.164167604921471590e-04 1.150366990076739926e-01
8.296958520834915238e-04 1.164437166253522449e-01
8.431909292866251451e-04 1.178627610356142164e-01
8.569055051268347108e-04 1.192938203725494306e-01
8.708431497690724121e-04 1.207368801337117548e-01
8.850074914473439122e-04 1.221919231548026508e-01
8.994022174092053228e-04 1.236589295855078374e-01
9.140310748756222403e-04 1.251378768665242225e-01
9.288978720164497516e-04 1.266287397078083021e-01
9.440064789417603299e-04 1.281314900680818880e-01
9.593608287093146345e-04 1.296460971356132585e-01
9.749649183484096178e-04 1.311725273103302447e-01
9.908228099003786767e-04 1.327107441872604765e-01
1.006938631476027041e-03 1.342607085413642931e-01
1.023316578330244831e-03 1.358223783137508800e-01
1.039960913954120214e-03 1.373957085993361416e-01
1.056875971184804974e-03 1.389806516359415323e-01
1.074066153333432362e-03 1.405771567948749246e-01
1.091535935331391146e-03 1.421851705730073911e-01
1.109289864895222780e-03 1.438046365863662190e-01
1.127332563710487130e-03 1.454354955652682468e-01
1.145668728634872567e-03 1.470776853510085136e-01
1.164303132920875691e-03 1.487311408941208724e-01
1.183240627458377906e-03 1.503957942542276660e-01
1.202486142037412220e-03 1.520715746014853487e-01
1.222044686631488684e-03 1.537584082196513657e-01
1.241921352701784659e-03 1.554562185107636330e-01
1.262121314522546191e-03 1.571649260014593708e-01
1.282649830528059809e-03 1.588844483509311845e-01
1.303512244681508938e-03 1.606147003605209456e-01
1.324713987866117399e-03 1.623555939849709029e-01
1.346260579298911089e-03 1.641070383453123727e-01
1.368157627967470612e-03 1.658689397434128798e-01
1.390410834090069709e-03 1.676412016781685388e-01
1.413025990599533653e-03 1.694237248633359005e-01
1.436008984651260603e-03 1.712164072470078180e-01
1.459365799155757639e-03 1.730191440327201180e-01
1.483102514336102819e-03 1.748318277021813083e-01
1.507225309310755452e-03 1.766543480396169929e-01
1.531740463702079740e-03 1.784865921577121206e-01
1.556654359271062099e-03 1.803284445251416290e-01
1.581973481578601405e-03 1.821797869956773841e-01
1.607704421673822109e-03 1.840404988388429919e-01
1.633853877809860388e-03 1.859104567721084900e-01
1.660428657187529473e-03 1.877895349945989389e-01
1.687435677727375672e-03 1.896776052222967079e-01
1.714881969870540998e-03 1.915745367247128073e-01
1.742774678408917253e-03 1.934801963630037314e-01
1.771121064345086834e-03 1.953944486295035032e-01
1.799928506782476562e-03 1.973171556886480493e-01
1.829204504846293749e-03 1.992481774192559341e-01
1.858956679635688372e-03 2.011873714581406958e-01
1.889192776207664374e-03 2.031345932450182579e-01
1.919920665593282836e-03 2.050896960686765524e-01
1.951148346846616304e-03 2.070525311143727176e-01
1.982883949127071596e-03 2.090229475124218972e-01
2.015135733815558595e-03 2.110007923879397840e-01
2.047912096665083313e-03 2.129859109117022697e-01
2.081221569986337061e-03 2.149781463520785696e-01
2.115072824868794756e-03 2.169773401280018499e-01
2.149474673437980470e-03 2.189833318629327286e-01
2.184436071149428466e-03 2.209959594397779004e-01
2.219966119119952484e-03 2.230150590567108182e-01
2.256074066496859074e-03 2.250404652838665642e-01
2.292769312865648810e-03 2.270720111208485159e-01
2.330061410696924844e-03 2.291095280550153879e-01
2.367960067833078681e-03 2.311528461204962470e-01
2.406475150015421893e-03 2.332017939578880927e-01
2.445616683452444227e-03 2.352561988745925925e-01
2.485394857429798314e-03 2.373158869057369058e-01
2.525820026962784671e-03 2.393806828756430694e-01
2.566902715491951956e-03 2.414504104597879897e-01
2.608653617622550599e-03 2.435248922472100785e-01
2.651083601908536293e-03 2.456039498033159019e-01
2.694203713681882304e-03 2.476874037330381029e-01
2.738025177927857611e-03 2.497750737442930857e-01
2.782559402207125665e-03 2.518667787116967149e-01
2.827817979625344216e-03 2.539623367404848508e-01
2.873812691851063313e-03 2.560615652305945344e-01
2.920555512182745027e-03 2.581642809408565276e-01
2.968058608665602276e-03 2.602703000532521349e-01
3.016334347259197381e-03 2.623794382371891221e-01
3.065395295056529829e-03 2.644915107137482124e-01
3.115254223555484914e-03 2.666063323198559765e-01
3.165924111983520629e-03 2.687237175723399263e-01
3.217418150676371654e-03 2.708434807318145232e-01
3.269749744511767954e-03 2.729654358663632374e-01
3.322932516398975026e-03 2.750893969149668106e-01
3.376980310825087803e-03 2.772151777506351999e-01
3.431907197459042706e-03 2.793425922432054564e-01
3.487727474814177487e-03 2.814714543217560205e-01
3.544455673970435625e-03 2.836015780366077932e-01
3.602106562357073553e-03 2.857327776208616887e-01
3.660695147596898513e-03 2.878648675514422495e-01
3.720236681413065759e-03 2.899976626096045784e-01
3.780746663599349276e-03 2.921309779408653995e-01
3.842240846055060884e-03 2.942646291143340420e-01
3.904735236885564006e-03 2.963984321813932787e-01
3.968246104569478003e-03 2.985322037337060364e-01
4.032789982193705006e-03 3.006657609605112302e-01
4.098383671757261509e-03 3.027989217051820781e-01
4.165044248545184992e-03 3.049315045210064801e-01
4.232789065573553354e-03 3.070633287261702593e-01
4.301635758106790719e-03 3.091942144579099550e-01
4.371602248248502090e-03 3.113239827258071912e-01
4.442706749606882902e-03 3.134524554642016403e-01
4.514967772036101654e-03 3.155794555836949344e-01
4.588404126454761513e-03 3.177048070217232123e-01
4.663034929742726313e-03 3.198283347921760944e-01
4.738879609717651029e-03 3.219498650340418822e-01
4.815957910192351227e-03 3.240692250590522239e-01
4.894289896114531989e-03 3.261862433983171439e-01
4.973895958790068052e-03 3.283007498479267872e-01
5.054796821191235093e-03 3.304125755135024489e-01
5.137013543351338918e-03 3.325215528536863419e-01
5.220567527846975073e-03 3.346275157225501173e-01
5.305480525369573805e-03 3.367302994109131475e-01
5.391774640387505396e-03 3.388297406865579120e-01
5.479472336900281099e-03 3.409256778333318305e-01
5.568596444286409188e-03 3.430179506891226637e-01
5.659170163246242738e-03 3.451064006827040398e-01
5.751217071841613696e-03 3.471908708694417811e-01
5.844761131633637551e-03 3.492712059658513724e-01
5.939826693920350481e-03 3.513472523830067917e-01
6.036438506075864248e-03 3.534188582587952654e-01
6.134621717992506419e-03 3.554858734890089522e-01
6.234401888627863660e-03 3.575481497572796652e-01
6.335804992658253774e-03 3.596055405638517444e-01
6.438857427240412407e-03 3.616579012531923043e-01
6.543586018883228855e-03 3.637050890404395220e-01
6.650018030431118291e-03 3.657469630366944058e-01
6.758181168161110294e-03 3.677833842731527136e-01
6.868103588995307790e-03 3.698142157240852379e-01
6.979813907830653176e-03 3.718393223286727833e-01
7.093341204987989659e-03 3.738585710116907324e-01
7.208715033782135163e-03 3.758718307030627370e-01
7.325965428215230023e-03 3.778789723562799852e-01
7.445122910795143496e-03 3.798798689657004735e-01
7.566218500481047653e-03 3.818743955827309522e-01
7.689283720758305352e-03 3.838624293309068625e-01
7.814350607844541483e-03 3.858438494198720425e-01
7.941451719029339953e-03 3.878185371582766328e-01
8.070620141149507584e-03 3.897863759656009508e-01
8.201889499202211220e-03 3.917472513829133307e-01
8.335293965098187693e-03 3.937010510825810217e-01
8.470868266557402340e-03 3.956476648769414739e-01
8.608647696149244674e-03 3.975869847259491108e-01
8.748668120479913615e-03 3.995189047438124641e-01
8.890965989529167612e-03 4.014433212046349952e-01
9.035578346138920316e-03 4.033601325470718146e-01
9.182542835656282154e-03 4.052692393780236157e-01
9.331897715733238757e-03 4.071705444753762615e-01
9.483681866285927423e-03 4.090639527898060068e-01
9.637934799615796230e-03 4.109493714456672331e-01
9.794696670695384952e-03 4.128267097409762387e-01
9.954008287621518916e-03 4.146958791465090721e-01
1.011591112223829761e-02 4.165567933040320581e-01
1.028044732093309765e-02 4.184093680236810053e-01
1.044765971560805175e-02 4.202535212805053044e-01
1.061759183482999074e-02 4.220891732101988980e-01
1.079028791516183604e-02 4.239162461040325569e-01
1.096579291267809828e-02 4.257346644030041150e-01
1.114415251466788215e-02 4.275443546912299775e-01
1.132541315152812630e-02 4.293452456885947788e-01
1.150962200885031171e-02 4.311372682426725111e-01
1.169682703970384603e-02 4.329203553199459931e-01
1.188707697711903315e-02 4.346944419963353345e-01
1.208042134677328981e-02 4.364594654470616009e-01
1.227691047988360359e-02 4.382153649358578873e-01
1.247659552630868418e-02 4.399620818035502312e-01
1.267952846786433996e-02 4.416995594560259031e-01
1.288576213185517981e-02 4.434277433516088385e-01
1.309535020482667685e-02 4.451465809878586422e-01
1.330834724654075991e-02 4.468560218878131485e-01
1.352480870417874063e-02 4.485560175856949661e-01
1.374479092677536630e-02 4.502465216120966618e-01
1.396835117988739702e-02 4.519274894786636798e-01
1.419554766050101606e-02 4.535988786622976443e-01
1.442643951218158804e-02 4.552606485888909260e-01
1.466108684046982941e-02 4.569127606166182298e-01
1.489955072852853710e-02 4.585551780187949733e-01
1.514189325304352018e-02 4.601878659663275473e-01
1.538817750038346324e-02 4.618107915097665606e-01
1.563846758302247716e-02 4.634239235609874941e-01
1.589282865622976271e-02 4.650272328745072015e-01
1.615132693503089703e-02 4.666206920284611259e-01
1.641402971144466372e-02 4.682042754052534450e-01
1.668100537200059227e-02 4.697779591718976855e-01
1.695232341554121433e-02 4.713417212600640172e-01
1.722805447131392151e-02 4.728955413458514334e-01
1.750827031735723363e-02 4.744394008292970311e-01
1.779304389918577242e-02 4.759732828136392646e-01
1.808244934877951612e-02 4.774971720843531608e-01
1.837656200388172387e-02 4.790110550879677076e-01
1.867545842761074090e-02 4.805149199106869551e-01
1.897921642839099643e-02 4.820087562568212691e-01
1.928791508020777715e-02 4.834925554270500525e-01
1.960163474319185847e-02 4.849663102965268147e-01
1.992045708453871189e-02 4.864300152928390242e-01
2.024446509976801645e-02 4.878836663738420620e-01
2.057374313432911578e-02 4.893272610053728267e-01
2.090837690555749986e-02 4.907607981388611984e-01
2.124845352498882720e-02 4.921842781888517981e-01
2.159406152103567761e-02 4.935977030104453656e-01
2.194529086203311427e-02 4.950010758766746344e-01
2.230223297965936227e-02 4.963944014558273610e-01
2.266498079273692942e-02 4.977776857887240558e-01
2.303362873142131284e-02 4.991509362659664051e-01
2.340827276178294308e-02 5.005141616051643760e-01
2.378901041078890916e-02 5.018673718281526641e-01
2.417594079169128191e-02 5.032105782382113590e-01
2.456916462982790261e-02 5.045437933972939382e-01
2.496878428884326609e-02 5.058670311032774647e-01
2.537490379733571555e-02 5.071803063672456480e-01
2.578762887593803732e-02 5.084836353908085416e-01
2.620706696483849837e-02 5.097770355434726453e-01
2.663332725174980681e-02 5.110605253400714032e-01
2.706652070033241375e-02 5.123341244182576526e-01
2.750676007908067419e-02 5.135978535160748981e-01
2.795415999067859397e-02 5.148517344496087444e-01
2.840883690183301086e-02 5.160957900907315876e-01
2.887090917359234551e-02 5.173300443449423414e-01
2.934049709215787172e-02 5.185545221293145213e-01
2.981772290019673449e-02 5.197692493505542410e-01
3.030271082866399512e-02 5.209742528831794450e-01
3.079558712914223437e-02 5.221695605478223756e-01
3.129648010670750546e-02 5.233552010896670437e-01
3.180552015332920035e-02 5.245312041570223682e-01
3.232283978181380718e-02 5.256976002800380909e-01
3.284857366030047299e-02 5.268544208495734571e-01
3.338285864731757591e-02 5.280016980962164430e-01
3.392583382740992082e-02 5.291394650694664081e-01
3.447764054734463873e-02 5.302677556170768414e-01
3.503842245290676033e-02 5.313866043645713022e-01
3.560832552629281805e-02 5.324960466949307802e-01
3.618749812411276717e-02 5.335961187284584684e-01
3.677609101601030800e-02 5.346868573028290550e-01
3.737425742391064371e-02 5.357682999533176504e-01
3.798215306190736579e-02 5.368404848932252227e-01
3.859993617679770977e-02 5.379034509944916609e-01
3.922776758927715157e-02 5.389572377685051263e-01
3.986581073580438422e-02 5.400018853471121316e-01
4.051423171114647281e-02 5.410374344638270161e-01
4.117319931161678853e-02 5.420639264352463682e-01
4.184288507901584575e-02 5.430814031426710597e-01
4.252346334528677579e-02 5.440899070139361138e-01
4.321511127789762208e-02 5.450894810054519590e-01
4.391800892596085804e-02 5.460801685844592912e-01
4.463233926710397093e-02 5.470620137114975412e-01
4.535828825510190843e-02 5.480350608230913911e-01
4.609604486828429437e-02 5.489993548146548941e-01
4.684580115873045181e-02 5.499549410236145297e-01
4.760775230226368254e-02 5.509018652127520843e-01
4.838209664925956915e-02 5.518401735537720176e-01
4.916903577628031069e-02 5.527699126110875438e-01
4.996877453854878942e-02 5.536911293258327538e-01
5.078152112327670442e-02 5.546038710000987804e-01
5.160748710385907462e-02 5.555081852813928966e-01
5.244688749495118874e-02 5.564041201473218790e-01
5.329994080844092930e-02 5.572917238905047421e-01
5.416686911033146562e-02 5.581710451037061871e-01
5.504789807854967854e-02 5.590421326651980882e-01
5.594325706169377826e-02 5.599050357243452458e-01
5.685317913873753209e-02 5.607598036874165137e-01
5.777790117970506983e-02 5.616064862036230787e-01
5.871766390733249713e-02 5.624451331513765640e-01
5.967271195973310183e-02 5.632757946247773928e-01
6.064329395408061402e-02 5.640985209203198680e-01
6.162966255132942134e-02 5.649133625238275114e-01
6.263207452198692182e-02 5.657203700976046745e-01
6.365079081295564600e-02 5.665195944678133033e-01
6.468607661546320331e-02 5.673110866120690821e-01
6.573820143409585259e-02 5.680948976472565137e-01
6.680743915695615265e-02 5.688710788175631583e-01
6.789406812696112403e-02 5.696396814827334731e-01
6.899837121430010822e-02 5.704007571065338178e-01
7.012063589007176689e-02 5.711543572454395035e-01
7.126115430111745752e-02 5.719005335375292320e-01
7.242022334607314815e-02 5.726393376915962508e-01
7.359814475265770428e-02 5.733708214764675626e-01
7.479522515621812861e-02 5.740950367105371877e-01
7.601177617955322263e-02 5.748120352515017073e-01
7.724811451403400253e-02 5.755218689863058623e-01
7.850456200204508628e-02 5.762245898212948747e-01
7.978144572076628638e-02 5.769202496725639451e-01
8.107909806731677937e-02 5.776089004565151397e-01
8.239785684528511123e-02 5.782905940806125633e-01
8.373806535266489770e-02 5.789653824343331534e-01
8.510007247122246266e-02 5.796333173803159822e-01
8.648423275731725868e-02 5.802944507457074019e-01
8.789090653419963373e-02 5.809488343136944843e-01
8.932045998580959156e-02 5.815965198152316384e-01
9.077326525210223374e-02 5.822375589209572988e-01
9.224970052592174063e-02 5.828720032332944667e-01
9.375015015145289621e-02 5.834999042787375467e-01
9.527500472427299916e-02 5.841213135003217038e-01
9.682466119303113905e-02 5.847362822502731872e-01
9.839952296278225985e-02 5.853448617828364009e-01
1.000000000000000056e-01 5.859471032472823859e-01
