1.000000000000000021e-08 9.999937888584542467e-01
1.016265089392995110e-08 9.999936878343194113e-01
1.032794731918952445e-08 9.999935851670390674e-01
1.049593230558226649e-08 9.999934808298877043e-01
1.066664958279538736e-08 9.999933747957056029e-01
1.084014359178330982e-08 9.999932670368909537e-01
1.101645949633656934e-08 9.999931575253934168e-01
1.119564319483879355e-08 9.999930462327063507e-01
1.137774133221490262e-08 9.999929331298590407e-01
1.156280131207375345e-08 9.999928181874099264e-01
1.175087130904807623e-08 9.999927013754386085e-01
1.194200028133532503e-08 9.999925826635382986e-01
1.213623798344241837e-08 9.999924620208070492e-01
1.233363497913774651e-08 9.999923394158408696e-01
1.253424265461399562e-08 9.999922148167246228e-01
1.273811323186478490e-08 9.999920881910246973e-01
1.294529978227915991e-08 9.999919595057791266e-01
1.315585624045705234e-08 9.999918287274903728e-01
1.336983741824945163e-08 9.999916958221162222e-01
1.358729901902709187e-08 9.999915607550606822e-01
1.380829765218092295e-08 9.999914234911644328e-01
1.403289084785873192e-08 9.999912839946973886e-01
1.426113707194129758e-08 9.999911422293477070e-01
1.449309574126215144e-08 9.999909981582131291e-01
1.472882723907501811e-08 9.999908517437913202e-01
1.496839293077255471e-08 9.999907029479695453e-01
1.521185517986104820e-08 9.999905517320160087e-01
1.545927736419478449e-08 9.999903980565683081e-01
1.571072389247448998e-08 9.999902418816239980e-01
1.596626022101425121e-08 9.999900831665301526e-01
1.622595287078086962e-08 9.999899218699729309e-01
1.648986944471064949e-08 9.999897579499660294e-01
1.675807864530768860e-08 9.999895913638406908e-01
1.703065029252842640e-08 9.999894220682339352e-01
1.730765534195724054e-08 9.999892500190776801e-01
1.758916590327732712e-08 9.999890751715871939e-01
1.787525525904235371e-08 9.999888974802492170e-01
1.816599788375328570e-08 9.999887168988105257e-01
1.846146946324545845e-08 9.999885333802653875e-01
1.876174691439119556e-08 9.999883468768436812e-01
1.906690840512251962e-08 9.999881573399986845e-01
1.937703337477988794e-08 9.999879647203933075e-01
1.969220255479173433e-08 9.999877689678889903e-01
2.001249798969034913e-08 9.999875700315311589e-01
2.033800305846979844e-08 9.999873678595367910e-01
2.066880249629081913e-08 9.999871623992803160e-01
2.100498241653915160e-08 9.999869535972812917e-01
2.134663033324245531e-08 9.999867413991884169e-01
2.169383518385182241e-08 9.999865257497666526e-01
2.204668735239407667e-08 9.999863065928831229e-01
2.240527869300018155e-08 9.999860838714917932e-01
2.276970255381679834e-08 9.999858575276187045e-01
2.314005380130653974e-08 9.999856275023473184e-01
2.351642884494350993e-08 9.999853937358026412e-01
2.389892566231047717e-08 9.999851561671362354e-01
2.428764382460450497e-08 9.999849147345098999e-01
2.468268452255692455e-08 9.999846693750796822e-01
2.508415059277541100e-08 9.999844200249798920e-01
2.549214654451425775e-08 9.999841666193058920e-01
2.590677858688006237e-08 9.999839090920973339e-01
2.632815465648019883e-08 9.999836473763216160e-01
2.675638444552045216e-08 9.999833814038557867e-01
2.719157943036018985e-08 9.999831111054691135e-01
2.763385290053172716e-08 9.999828364108047651e-01
2.808331998823169829e-08 9.999825572483616032e-01
2.854009769829237414e-08 9.999822735454760858e-01
2.900430493863991500e-08 9.999819852283026167e-01
2.947606255124858740e-08 9.999816922217951154e-01
2.995549334359816154e-08 9.999813944496863671e-01
3.044272212064299607e-08 9.999810918344692601e-01
3.093787571730136651e-08 9.999807842973761352e-01
3.144108303147264744e-08 9.999804717583588021e-01
3.195247505759213554e-08 9.999801541360663348e-01
3.247218492073131890e-08 9.999798313478257539e-01
3.300034791125282055e-08 9.999795033096191554e-01
3.353710152002928723e-08 9.999791699360619512e-01
3.408258547423452176e-08 9.999788311403822183e-01
3.463694177371734093e-08 9.999784868343952748e-01
3.520031472796682789e-08 9.999781369284839183e-01
3.577285099367869991e-08 9.999777813315722241e-01
3.635469961293318112e-08 9.999774199511044515e-01
3.694601205199302233e-08 9.999770526930182868e-01
3.754694224073336784e-08 9.999766794617229726e-01
3.815764661271252174e-08 9.999763001600728840e-01
3.877828414589453252e-08 9.999759146893423267e-01
3.940901640403447515e-08 9.999755229492003350e-01
4.005000757873611176e-08 9.999751248376843593e-01
4.070142453219439185e-08 9.999747202511737321e-01
4.136343684063277745e-08 9.999743090843628002e-01
4.203621683844717915e-08 9.999738912302332805e-01
4.271993966306776573e-08 9.999734665800266153e-01
4.341478330055092286e-08 9.999730350232162168e-01
4.412092863191190232e-08 9.999725964474772688e-01
4.483855948021190636e-08 9.999721507386587493e-01
4.556786265841068465e-08 9.999716977807534546e-01
4.630902801799736922e-08 9.999712374558680228e-01
4.706224849841281539e-08 9.999707696441911819e-01
4.782772017727485049e-08 9.999702942239642178e-01
4.860564232142138588e-08 9.999698110714476673e-01
4.939621743878325726e-08 9.999693200608907873e-01
5.019965133110078918e-08 9.999688210644972486e-01
5.101615314749833786e-08 9.999683139523930508e-01
5.184593543892912712e-08 9.999677985925921053e-01
5.268921421350676915e-08 9.999672748509620401e-01
5.354620899273612896e-08 9.999667425911896723e-01
5.441714286865887210e-08 9.999662016747451476e-01
5.530224256192900145e-08 9.999656519608458582e-01
5.620173848083188292e-08 9.999650933064200276e-01
5.711586478126434916e-08 9.999645255660692955e-01
5.804485942768983740e-08 9.999639485920318593e-01
5.898896425508493303e-08 9.999633622341421724e-01
5.994842503189409424e-08 9.999627663397935295e-01
6.092349152400711584e-08 9.999621607538974333e-01
6.191441755977847689e-08 9.999615453188442915e-01
6.292146109610350070e-08 9.999609198744611183e-01
6.394488428556936010e-08 9.999602842579707884e-01
6.498495354469888085e-08 9.999596383039491831e-01
6.604193962330305823e-08 9.999589818442826683e-01
6.711611767496286717e-08 9.999583147081241297e-01
6.820776732865692255e-08 9.999576367218484529e-01
6.931717276155400840e-08 9.999569477090071157e-01
7.044462277299036794e-08 9.999562474902833342e-01
7.159041085964888045e-08 9.999555358834439911e-01
7.275483529196231984e-08 9.999548127032934497e-01
7.393819919175873408e-08 9.999540777616247045e-01
7.514081061116961850e-08 9.999533308671709753e-01
7.636298261282241588e-08 9.999525718255554141e-01
7.760503335133571367e-08 9.999518004392405901e-01
7.886728615614155644e-08 9.999510165074775303e-01
8.015006961565413044e-08 9.999502198262538721e-01
8.145371766280737258e-08 9.999494101882394625e-01
8.277856966198471773e-08 9.999485873827335114e-01
8.412497049736118078e-08 9.999477511956098574e-01
8.549327066268384629e-08 9.999469014092605690e-01
8.688382635251192821e-08 9.999460378025402107e-01
8.829699955494083135e-08 9.999451601507074461e-01
8.973315814583520204e-08 9.999442682253679715e-01
9.119267598459297759e-08 9.999433617944128994e-01
9.267593301146883668e-08 9.999424406219611372e-01
9.418331534647960283e-08 9.999415044682959941e-01
9.571521538991856055e-08 9.999405530898035632e-01
9.727203192450536562e-08 9.999395862389098832e-01
9.885417021919572961e-08 9.999386036640153241e-01
1.004620421346813191e-07 9.999376051094307494e-01
1.020960662306047507e-07 9.999365903153096813e-01
1.037566678745184818e-07 9.999355590175820208e-01
1.054442793526168454e-07 9.999345109478841032e-01
1.071593399822671165e-07 9.999334458334896425e-01
1.089022962263730555e-07 9.999323633972390102e-01
1.106736018095974501e-07 9.999312633574672926e-01
1.124737178364750763e-07 9.999301454279299062e-01
1.143031129114478678e-07 9.999290093177294336e-01
1.161622632608501812e-07 9.999278547312402399e-01
1.180516528568805511e-07 9.999266813680304233e-01
1.199717735435885631e-07 9.999254889227842114e-01
1.219231251649109383e-07 9.999242770852232454e-01
1.239062156947915701e-07 9.999230455400255346e-01
1.259215613694151061e-07 9.999217939667429667e-01
1.279696868215941652e-07 9.999205220397193727e-01
1.300511252173409858e-07 9.999192294280040416e-01
1.321664183946603918e-07 9.999179157952674535e-01
1.343161170046015304e-07 9.999165807997134614e-01
1.365007806546013903e-07 9.999152240939893632e-01
1.387209780541621071e-07 9.999138453250973058e-01
1.409772871628967586e-07 9.999124441343014702e-01
1.432702953409829562e-07 9.999110201570355905e-01
1.456005995020648655e-07 9.999095730228074741e-01
1.479688062686396267e-07 9.999081023551030789e-01
1.503755321299738365e-07 9.999066077712894796e-01
1.528214036025870954e-07 9.999050888825139483e-01
1.553070573933458456e-07 9.999035452936045898e-01
1.578331405652116518e-07 9.999019766029659806e-01
1.604003107056819881e-07 9.999003824024770282e-01
1.630092360979741138e-07 9.998987622773826134e-01
1.656605958949915327e-07 9.998971158061875641e-01
1.683550802961200715e-07 9.998954425605466323e-01
1.710933907269013290e-07 9.998937421051532493e-01
1.738762400216250540e-07 9.998920139976263943e-01
1.767043526088946617e-07 9.998902577883959086e-01
1.795784647002096697e-07 9.998884730205860327e-01
1.824993244816150550e-07 9.998866592298958356e-01
1.854676923084697568e-07 9.998848159444798656e-01
1.884843409033795357e-07 9.998829426848244717e-01
1.915500555573527936e-07 9.998810389636246798e-01
1.946656343342263367e-07 9.998791042856562949e-01
1.978318882784162208e-07 9.998771381476484477e-01
2.010496416260497127e-07 9.998751400381518106e-01
2.043197320195270474e-07 9.998731094374074813e-01
2.076430107255774870e-07 9.998710458172107574e-01
2.110203428568596572e-07 9.998689486407739135e-01
2.144526075971665378e-07 9.998668173625880895e-01
2.179406984302953533e-07 9.998646514282807374e-01
2.214855233726359380e-07 9.998624502744721809e-01
2.250880052095461857e-07 9.998602133286296212e-01
2.287490817355704078e-07 9.998579400089174785e-01
2.324697059985645525e-07 9.998556297240478452e-01
2.362508465477945104e-07 9.998532818731266092e-01
2.400934876860651595e-07 9.998508958454971340e-01
2.439986297259550047e-07 9.998484710205821635e-01
2.479672892502159966e-07 9.998460067677230612e-01
2.520004993764089383e-07 9.998435024460158305e-01
2.560993100258456838e-07 9.998409574041446923e-01
2.602647881969004651e-07 9.998383709802146635e-01
2.644980182427720070e-07 9.998357425015775846e-01
2.688001021537607504e-07 9.998330712846595913e-01
2.731721598441373654e-07 9.998303566347829241e-01
2.776153294436797922e-07 9.998275978459857383e-01
2.821307675939470486e-07 9.998247942008401390e-01
2.867196497493769966e-07 9.998219449702648864e-01
2.913831704832788474e-07 9.998190494133369910e-01
2.961225437988031500e-07 9.998161067770995336e-01
3.009390034449724303e-07 9.998131162963667107e-01
3.058338032378431566e-07 9.998100771935257702e-01
3.108082173869063920e-07 9.998069886783340632e-01
3.158635408267819256e-07 9.998038499477163166e-01
3.210010895543168453e-07 9.998006601855548015e-01
3.262222009711673251e-07 9.997974185624790566e-01
3.315282342319423480e-07 9.997941242356501723e-01
3.369205705980267328e-07 9.997907763485427424e-01
3.424006137971425436e-07 9.997873740307238188e-01
3.479697903887687909e-07 9.997839163976254273e-01
3.536295501355046578e-07 9.997804025503179703e-01
3.593813663804625413e-07 9.997768315752750823e-01
3.652267364308175408e-07 9.997732025441391501e-01
3.711671819475767101e-07 9.997695145134789518e-01
3.772042493416993616e-07 9.997657665245469616e-01
3.833395101766605394e-07 9.997619576030306598e-01
3.895745615775500918e-07 9.997580867587995135e-01
3.959110266468458876e-07 9.997541529856502907e-01
4.023505548869293084e-07 9.997501552610450481e-01
4.088948226294864306e-07 9.997460925458472314e-01
4.155455334718879651e-07 9.997419637840528894e-01
4.223044187206672270e-07 9.997377679025172270e-01
4.291732378422157257e-07 9.997335038106771599e-01
4.361537789208005614e-07 9.997291704002687629e-01
4.432478591240400518e-07 9.997247665450408327e-01
4.504573251759462753e-07 9.997202911004638981e-01
4.577840538376616380e-07 9.997157429034336795e-01
4.652299523960189011e-07 9.997111207719711068e-01
4.727969591600390720e-07 9.997064235049156755e-01
4.804870439655133784e-07 9.997016498816154728e-01
4.883022086877884378e-07 9.996967986616119850e-01
4.962444877628913673e-07 9.996918685843191321e-01
5.043159487171359161e-07 9.996868583686967513e-01
5.125186927053332351e-07 9.996817667129211937e-01
5.208548550577665794e-07 9.996765922940472615e-01
5.293266058360566796e-07 9.996713337676678135e-01
5.379361503980697196e-07 9.996659897675654882e-01
5.466857299720180573e-07 9.996605589053606522e-01
5.555776222398877301e-07 9.996550397701516877e-01
5.646141419303672361e-07 9.996494309281523938e-01
5.737976414214139612e-07 9.996437309223198397e-01
5.831305113526218361e-07 9.996379382719801088e-01
5.926151812475552896e-07 9.996320514724444939e-01
6.022541201461927509e-07 9.996260689946226963e-01
6.120498372476702854e-07 9.996199892846266977e-01
6.220048825634717926e-07 9.996138107633708580e-01
6.321218475812448096e-07 9.996075318261652409e-01
6.424033659394190549e-07 9.996011508422993908e-01
6.528521141127847315e-07 9.995946661546243339e-01
6.634708121092350418e-07 9.995880760791236996e-01
6.742622241778349095e-07 9.995813789044801778e-01
6.852291595284057501e-07 9.995745728916345385e-01
6.963744730628222709e-07 9.995676562733367687e-01
7.077010661181889092e-07 9.995606272536911030e-01
7.192118872221193113e-07 9.995534840076939487e-01
7.309099328602918614e-07 9.995462246807625961e-01
7.427982482564911104e-07 9.995388473882581559e-01
7.548799281653431580e-07 9.995313502150003915e-01
7.671581176779302778e-07 9.995237312147743358e-01
7.796360130405236458e-07 9.995159884098298031e-01
7.923168624866261349e-07 9.995081197903712411e-01
8.052039670825469881e-07 9.995001233140421437e-01
8.183006815867389787e-07 9.994919969053985831e-01
8.316104153230961550e-07 9.994837384553753035e-01
8.451366330684722093e-07 9.994753458207441543e-01
8.588828559546258306e-07 9.994668168235618655e-01
8.728526623848370902e-07 9.994581492506113829e-01
8.870496889654402904e-07 9.994493408528321021e-01
9.014776314524917028e-07 9.994403893447425524e-01
9.161402457138521424e-07 9.994312924038528667e-01
9.310413487069085223e-07 9.994220476700682587e-01
9.461848194721991931e-07 9.994126527450832853e-01
9.615746001432095654e-07 9.994031051917660058e-01
9.772146969725724298e-07 9.993934025335320381e-01
9.931091813749800272e-07 9.993835422537098445e-01
1.009262190987048422e-06 9.993735217948938043e-01
1.025677930744420800e-06 9.993633385582892936e-01
1.042360673976401061e-06 9.993529899030461072e-01
1.059314763518370023e-06 9.993424731455814447e-01
1.076544612842315852e-06 9.993317855588909060e-01
1.094054707205743622e-06 9.993209243718519375e-01
1.111849604819269788e-06 9.993098867685119568e-01
1.129933938033221742e-06 9.992986698873681517e-01
1.148312414543511196e-06 9.992872708206345100e-01
1.166989818617147488e-06 9.992756866134970828e-01
1.185971012337670574e-06 9.992639142633593652e-01
1.205260936870841443e-06 9.992519507190722461e-01
1.224864613750930682e-06 9.992397928801548534e-01
1.244787146187906095e-06 9.992274375960014110e-01
1.265033720395903716e-06 9.992148816650759935e-01
1.285609606943296477e-06 9.992021218340944033e-01
1.306520162124719865e-06 9.991891547971931686e-01
1.327770829355428974e-06 9.991759771950855518e-01
1.349367140588306489e-06 9.991625856142031248e-01
1.371314717753945535e-06 9.991489765858255767e-01
1.393619274224143468e-06 9.991351465851949776e-01
1.416286616299197281e-06 9.991210920306178300e-01
1.439322644719406585e-06 9.991068092825504676e-01
1.462733356201129952e-06 9.990922946426725737e-01
1.486524844997857111e-06 9.990775443529440469e-01
1.510703304486655702e-06 9.990625545946490993e-01
1.535275028780421201e-06 9.990473214874227015e-01
1.560246414366371105e-06 9.990318410882634836e-01
1.585623961771137209e-06 9.990161093905309819e-01
1.611414277253019916e-06 9.990001223229263427e-01
1.637624074521688946e-06 9.989838757484565956e-01
1.664260176485901778e-06 9.989673654633851596e-01
1.691329517029650428e-06 9.989505871961621430e-01
1.718839142817145670e-06 9.989335366063405441e-01
1.746796215127245610e-06 9.989162092834749096e-01
1.775208011717636075e-06 9.988986007460013417e-01
1.804081928719380951e-06 9.988807064401025171e-01
1.833425482562292654e-06 9.988625217385515009e-01
1.863246311931559818e-06 9.988440419395411274e-01
1.893552179756295206e-06 9.988252622654916202e-01
1.924350975230332279e-06 9.988061778618418929e-01
1.955650715865946999e-06 9.987867837958211981e-01
1.987459549580985976e-06 9.987670750552014587e-01
2.019785756819878467e-06 9.987470465470301706e-01
2.052637752709252226e-06 9.987266930963428768e-01
2.086024089248504694e-06 9.987060094448575454e-01
2.119953457536069015e-06 9.986849902496465203e-01
2.154434690031886471e-06 9.986636300817879341e-01
2.189476762856620668e-06 9.986419234249979127e-01
2.225088798128369440e-06 9.986198646742390217e-01
2.261280066337279372e-06 9.985974481343096176e-01
2.298059988758848964e-06 9.985746680184092172e-01
2.335438139906481616e-06 9.985515184466819960e-01
2.373424250023866098e-06 9.985279934447394146e-01
2.412028207618006978e-06 9.985040869421574206e-01
2.451260062033339965e-06 9.984797927709523346e-01
2.491130026067785964e-06 9.984551046640316452e-01
2.531648478631357950e-06 9.984300162536221546e-01
2.572825967447932223e-06 9.984045210696737005e-01
2.614673211801092052e-06 9.983786125382366761e-01
2.657201105324506616e-06 9.983522839798172344e-01
2.700420718837769789e-06 9.983255286077037383e-01
2.744343303228368328e-06 9.982983395262714499e-01
2.788980292380439744e-06 9.982707097292575771e-01
2.834343306151309184e-06 9.982426320980112289e-01
2.880444153396297871e-06 9.982140993997181688e-01
2.927294835042813193e-06 9.981851042855950373e-01
2.974907547214443381e-06 9.981556392890584828e-01
3.023294684405776334e-06 9.981256968238656491e-01
3.072468842709003493e-06 9.980952691822251310e-01
3.122442823092858074e-06 9.980643485328810627e-01
3.173229634734973124e-06 9.980329269191668962e-01
3.224842498408445454e-06 9.980009962570287607e-01
3.277294849923382168e-06 9.979685483330202889e-01
3.330600343624588548e-06 9.979355748022661343e-01
3.384772855945982993e-06 9.979020671863944036e-01
3.439826489022921063e-06 9.978680168714391119e-01
3.495775574363278632e-06 9.978334151057079993e-01
3.552634676578139464e-06 9.977982529976221482e-01
3.610418597173337456e-06 9.977625215135185188e-01
3.669142378402493899e-06 9.977262114754240629e-01
3.728821307182830034e-06 9.976893135587909800e-01
3.789470919074671417e-06 9.976518182902033294e-01
3.851107002325569028e-06 9.976137160450453401e-01
3.913745601980383925e-06 9.975749970451360804e-01
3.977403024058036353e-06 9.975356513563289340e-01
4.042095839796302090e-06 9.974956688860751042e-01
4.107840889965650877e-06 9.974550393809493709e-01
4.174655289253134888e-06 9.974137524241420971e-01
4.242556430717776958e-06 9.973717974329096014e-01
4.311561990318228494e-06 9.973291636559907802e-01
4.381689931514185333e-06 9.972858401709822074e-01
4.452958509942660131e-06 9.972418158816763745e-01
4.525386278170166693e-06 9.971970795153602962e-01
4.598992090522438309e-06 9.971516196200718163e-01
4.673795107992463609e-06 9.971054245618199419e-01
4.749814803228495024e-06 9.970584825217599922e-01
4.827070965603187770e-06 9.970107814933293344e-01
4.905583706365045857e-06 9.969623092793410413e-01
4.985373463873893773e-06 9.969130534890349171e-01
5.066461008921268308e-06 9.968630015350845586e-01
5.148867450137487247e-06 9.968121406305624488e-01
5.232614239486667200e-06 9.967604577858586445e-01
5.317723177850966182e-06 9.967079398055578299e-01
5.404216420705915271e-06 9.966545732852671868e-01
5.492116483887788865e-06 9.966003446084024109e-01
5.581446249454954941e-06 9.965452399429245434e-01
5.672228971644549552e-06 9.964892452380300636e-01
5.764488282925873171e-06 9.964323462207961279e-01
5.858248200152535830e-06 9.963745283927734064e-01
5.953533130814370033e-06 9.963157770265338442e-01
6.050367879391212089e-06 9.962560771621675748e-01
6.148777653810029084e-06 9.961954136037299845e-01
6.248788072006888211e-06 9.961337709156392606e-01
6.350425168595962254e-06 9.960711334190210930e-01
6.453715401646702034e-06 9.960074851880041935e-01
6.558685659571422142e-06 9.959428100459617461e-01
6.665363268124920326e-06 9.958770915617004560e-01
6.773775997517744987e-06 9.958103130455969731e-01
6.883952069645496021e-06 9.957424575456798044e-01
6.995920165435374508e-06 9.956735078436563802e-01
7.109709432312424079e-06 9.956034464508853876e-01
7.225349491787221566e-06 9.955322556042929261e-01
7.342870447166757580e-06 9.954599172622335956e-01
7.462302891391107415e-06 9.953864131002921889e-01
7.583677914997190766e-06 9.953117245070300934e-01
7.707027114212287592e-06 9.952358325796726302e-01
7.832382599179204906e-06 9.951587181197375509e-01
7.959777002314978321e-06 9.950803616286045816e-01
8.089243486805938269e-06 9.950007433030241266e-01
8.220815755240541055e-06 9.949198430305669083e-01
8.354528058382854806e-06 9.948376403850112126e-01
8.490415204088755231e-06 9.947541146216685171e-01
8.628512566366886081e-06 9.946692446726480563e-01
8.768856094587426870e-06 9.945830091420568841e-01
8.911482322840200959e-06 9.944953863011374295e-01
9.056428379445293633e-06 9.944063540833408821e-01
9.203731996618229962e-06 9.943158900793358512e-01
9.353431520292377225e-06 9.942239715319520776e-01
9.505565920101190930e-06 9.941305753310575311e-01
9.660174799522645609e-06 9.940356780083708932e-01
9.817298406188840434e-06 9.939392557322060950e-01
9.976977642363212323e-06 9.938412843021491305e-01
1.013925407558814327e-05 9.937417391436680347e-01
1.030416994950587402e-05 9.936405953026542504e-01
1.047176819485520245e-05 9.935378274398940501e-01
1.064209244064724650e-05 9.934334098254720136e-01
1.081518702552289214e-05 9.933273163331035605e-01
1.099109700929496075e-05 9.932195204343976513e-01
1.116986818467822625e-05 9.931099951930478786e-01
1.135154708920999101e-05 9.929987132589541687e-01
1.153618101736478473e-05 9.928856468622692111e-01
1.172381803286599682e-05 9.927707678073774966e-01
1.191450698119774729e-05 9.926540474667967517e-01
1.210829750232039467e-05 9.925354567750104273e-01
1.230524004359261647e-05 9.924149662222246926e-01
1.250538587290391306e-05 9.922925458480521543e-01
1.270878709202059429e-05 9.921681652351218572e-01
1.291549665014882683e-05 9.920417935026145662e-01
1.312556835771842841e-05 9.919133992997234417e-01
1.333905690039058705e-05 9.917829507990399973e-01
1.355601785329368979e-05 9.916504156898646727e-01
1.377650769549055046e-05 9.915157611714418007e-01
1.400058382468096031e-05 9.913789539461197453e-01
1.422830457214351858e-05 9.912399602124334352e-01
1.445972921792019565e-05 9.910987456581139554e-01
1.469491800624817218e-05 9.909552754530178698e-01
1.493393216124253386e-05 9.908095142419853785e-01
1.517683390283403825e-05 9.906614261376178732e-01
1.542368646296627532e-05 9.905109747129812181e-01
1.567455410205594862e-05 9.903581229942337583e-01
1.592950212572123044e-05 9.902028334531755016e-01
1.618859690178199096e-05 9.900450679997236936e-01
1.645190587753660725e-05 9.898847879743114531e-01
1.671949759731991612e-05 9.897219541402099141e-01
1.699144172034626135e-05 9.895565266757766487e-01
1.726780903884356100e-05 9.893884651666262631e-01
1.754867149648151891e-05 9.892177285977284962e-01
1.783410220710006182e-05 9.890442753454301572e-01
1.812417547374239337e-05 9.888680631694023448e-01
1.841896680799710997e-05 9.886890492045166123e-01
1.871855294965579252e-05 9.885071899526434169e-01
1.902301188668945850e-05 9.883224412743821796e-01
1.933242287555043403e-05 9.881347583807168489e-01
1.964686646180448403e-05 9.879440958245999660e-01
1.996642450109793374e-05 9.877504074924677857e-01
2.029118018046678154e-05 9.875536465956833432e-01
2.062121803999144521e-05 9.873537656619124636e-01
2.095662399480430758e-05 9.871507165264311601e-01
2.129748535745523187e-05 9.869444503233641974e-01
2.164389086064020347e-05 9.867349174768621500e-01
2.199593068030074845e-05 9.865220676922081822e-01
2.235369645909796436e-05 9.863058499468664309e-01
2.271728133026902697e-05 9.860862124814653296e-01
2.308677994187171946e-05 9.858631027907203137e-01
2.346228848142262524e-05 9.856364676143000159e-01
2.384390470093720405e-05 9.854062529276310656e-01
2.423172794237600676e-05 9.851724039326505977e-01
2.462585916350544169e-05 9.849348650485026946e-01
2.502640096417921810e-05 9.846935799021832025e-01
2.543345761304648090e-05 9.844484913191349218e-01
2.584713507469563873e-05 9.841995413137943904e-01
2.626754103723838489e-05 9.839466710800930382e-01
2.669478494034318111e-05 9.836898209819150418e-01
2.712897800372469909e-05 9.834289305435145456e-01
2.757023325609582679e-05 9.831639384398946913e-01
2.801866556459195316e-05 9.828947824871492323e-01
2.847439166467247799e-05 9.826213996327750611e-01
2.893753019050947418e-05 9.823437259459512072e-01
2.940820170587066820e-05 9.820616966077940768e-01
2.988652873550382686e-05 9.817752459015874900e-01
3.037263579703311443e-05 9.814843072029938442e-01
3.086664943337274645e-05 9.811888129702486250e-01
3.136869824566873116e-05 9.808886947343420371e-01
3.187891292677648815e-05 9.805838830891919766e-01
3.239742629528195378e-05 9.802743076818135615e-01
3.292437333007768632e-05 9.799598972024849974e-01
3.345989120549975091e-05 9.796405793749207724e-01
3.400411932703702948e-05 9.793162809464514007e-01
3.455719936762143251e-05 9.789869276782164897e-01
3.511927530450727994e-05 9.786524443353769032e-01
3.569049345675229896e-05 9.783127546773483507e-01
3.627100252330647985e-05 9.779677814480651765e-01
3.686095362172154264e-05 9.776174463662775649e-01
3.746050032748996612e-05 9.772616701158884922e-01
3.806979871402284228e-05 9.769003723363364200e-01
3.868900739327975645e-05 9.765334716130299464e-01
3.931828755705769966e-05 9.761608854678406333e-01
3.995780301895265397e-05 9.757825303496602265e-01
4.060772025700369657e-05 9.753983216250310395e-01
4.126820845702951608e-05 9.750081735688528317e-01
4.193943955667186254e-05 9.746119993551779492e-01
4.262158829015324943e-05 9.742097110480987254e-01
4.331483223376393757e-05 9.738012195927364667e-01
4.401935185208879207e-05 9.733864348063412386e-01
4.473533054498463085e-05 9.729652653695070041e-01
4.546295469532399562e-05 9.725376188175161030e-01
4.620241371751313139e-05 9.721034015318169574e-01
4.695390010680053220e-05 9.716625187316472179e-01
4.771760948938750521e-05 9.712148744658110067e-01
4.849374067335233355e-05 9.707603716046201425e-01
4.928249570040513461e-05 9.702989118320071160e-01
5.008407989848212116e-05 9.698303956378251378e-01
5.089870193519674814e-05 9.693547223103420318e-01
5.172657387216024049e-05 9.688717899289370772e-01
5.256791122018419400e-05 9.683814953570204498e-01
5.342293299538352475e-05 9.678837342351755968e-01
5.429186177618943007e-05 9.673784009745458601e-01
5.517492376129117199e-05 9.668653887504728983e-01
5.607234882852038467e-05 9.663445894964002303e-01
5.698437059469136365e-05 9.658158938980559993e-01
5.791122647641758420e-05 9.652791913879258390e-01
5.885315775191450485e-05 9.647343701400340477e-01
5.981040962380931695e-05 9.641813170650410658e-01
6.078323128297236501e-05 9.636199178056762404e-01
6.177187597338488134e-05 9.630500567325200878e-01
6.277660105806499695e-05 9.624716169401476007e-01
6.379766808606282991e-05 9.618844802436523622e-01
6.483534286054713498e-05 9.612885271755663430e-01
6.588989550799956058e-05 9.606836369831879274e-01
6.696160054853215278e-05 9.600696876263420387e-01
6.805073696735206717e-05 9.594465557755802454e-01
6.915758828738525219e-05 9.588141168108463841e-01
7.028244264308337646e-05 9.581722448206213549e-01
7.142559285543133394e-05 9.575208126015645194e-01
7.258733650817245705e-05 9.568596916586742385e-01
7.376797602527730984e-05 9.561887522059808742e-01
7.496781874966877322e-05 9.555078631677970114e-01
7.618717702322983626e-05 9.548168921805409992e-01
7.742636826811278249e-05 9.541157055951547949e-01
7.868571506936843291e-05 9.534041684801389804e-01
7.996554525892345903e-05 9.526821446252197179e-01
8.126619200091945365e-05 9.519494965456772873e-01
8.258799387844254533e-05 9.512060854873499727e-01
8.393129498166373591e-05 9.504517714323399424e-01
8.529644499741016815e-05 9.496864131054433278e-01
8.668379930019773523e-05 9.489098679813228188e-01
8.809371904473991286e-05 9.481219922924531973e-01
8.952657125996382206e-05 9.473226410378554618e-01
9.098272894455568119e-05 9.465116679926492971e-01
9.246257116405733111e-05 9.456889257184455388e-01
9.396648314954690162e-05 9.448542655746006158e-01
9.549485639791966557e-05 9.440075377303634996e-01
9.704808877380307014e-05 9.431485911779355913e-01
9.862658461312830713e-05 9.422772737464695236e-01
1.002307548283864352e-04 9.413934321170338571e-01
1.018610170155975281e-04 9.404969118385680948e-01
1.035177955630176228e-04 9.395875573448571050e-01
1.052015217616159118e-04 9.386652119725455989e-01
1.069126339173477141e-04 9.377297179802251970e-01
1.086515774652537295e-04 9.367809165686171724e-01
1.104188050854160164e-04 9.358186479018787418e-01
1.122147768207980290e-04 9.348427511300616555e-01
1.140399601970033122e-04 9.338530644127458480e-01
1.158948303439811801e-04 9.328494249438810115e-01
1.177798701197118084e-04 9.318316689778592954e-01
1.196955702359042841e-04 9.307996318568476646e-01
1.216424293857368039e-04 9.297531480394097825e-01
1.236209543736769146e-04 9.286920511304393999e-01
1.256316602474121533e-04 9.276161739124397787e-01
1.276750704319264313e-04 9.265253483781690225e-01
1.297517168657586742e-04 9.254194057646843996e-01
1.318621401394748458e-04 9.242981765888106382e-01
1.340068896363950598e-04 9.231614906840569512e-01
1.361865236756082756e-04 9.220091772390129892e-01
1.384016096573130147e-04 9.208410648372488128e-01
1.406527242105236439e-04 9.196569814987421987e-01
1.429404533431761061e-04 9.184567547228641438e-01
1.452653925946781202e-04 9.172402115329447714e-01
1.476281471909391145e-04 9.160071785224422891e-01
1.500293322019216613e-04 9.147574819027451953e-01
1.524695727017572945e-04 9.134909475526258316e-01
1.549495039314631646e-04 9.122074010693734802e-01
1.574697714643086743e-04 9.109066678216235502e-01
1.600310313738701764e-04 9.095885730039113826e-01
1.626339504048190531e-04 9.082529416929658872e-01
1.652792061464893926e-04 9.068995989057673235e-01
1.679674872092653225e-04 9.055283696593853238e-01
1.706994934038408014e-04 9.041390790326191418e-01
1.734759359233932583e-04 9.027315522294523387e-01
1.762975375287203833e-04 9.013056146443432226e-01
1.791650327363899435e-04 8.998610919293617005e-01
1.820791680099462359e-04 8.983978100631905273e-01
1.850407019542302061e-04 8.969155954219981686e-01
1.880504055128583358e-04 8.954142748521999318e-01
1.911090621689135881e-04 8.938936757451110271e-01
1.942174681489024571e-04 8.923536261135048830e-01
1.973764326300255292e-04 8.907939546700790467e-01
2.005867779508234102e-04 8.892144909078357751e-01
2.038493398252464264e-04 8.876150651823783155e-01
2.071649675602066755e-04 8.859955087961253195e-01
2.105345242766704040e-04 8.843556540844401681e-01
2.139588871343421563e-04 8.826953345036755438e-01
2.174389475600079977e-04 8.810143847211246992e-01
2.209756114795903147e-04 8.793126407068728723e-01
2.245697995539771826e-04 8.775899398275416319e-01
2.282224474186896198e-04 8.758461209419081683e-01
2.319345059274427543e-04 8.740810244983927557e-01
2.357069413996727843e-04 8.722944926343902949e-01
2.395407358720879286e-04 8.704863692774300610e-01
2.434368873543112913e-04 8.686565002481387854e-01
2.473964100886811538e-04 8.668047333649852026e-01
2.514203348142796828e-04 8.649309185507717546e-01
2.555097090352507149e-04 8.630349079408502488e-01
2.596655972934872546e-04 8.611165559930197277e-01
2.638890814457513006e-04 8.591757195990734619e-01
2.681812609453012686e-04 8.572122581979526590e-01
2.725432531281027707e-04 8.552260338904644765e-01
2.769761935036891046e-04 8.532169115555152672e-01
2.814812360507581339e-04 8.511847589678100956e-01
2.860595535175745148e-04 8.491294469169619052e-01
2.907123377272575549e-04 8.470508493279569340e-01
2.954407998880379709e-04 8.449488433829076550e-01
3.002461709085549389e-04 8.428233096440385097e-01
3.051297017182870593e-04 8.406741321778261611e-01
3.100926635931929671e-04 8.385011986802259898e-01
3.151363484866476195e-04 8.363044006029096700e-01
3.202620693657650080e-04 8.340836332804307807e-01
3.254711605531848163e-04 8.318387960582369622e-01
3.307649780744242331e-04 8.295697924214395780e-01
3.361449000108768324e-04 8.272765301242481772e-01
3.416123268585525207e-04 8.249589213199759463e-01
3.471686818926559680e-04 8.226168826915160048e-01
3.528154115380883050e-04 8.202503355821842979e-01
3.585539857459817017e-04 8.178592061268220581e-01
3.643858983763548090e-04 8.154434253830473711e-01
3.703126675869923340e-04 8.130029294625390479e-01
3.763358362286532656e-04 8.105376596622344554e-01
3.824569722466999088e-04 8.080475625953215113e-01
3.886776690892667719e-04 8.055325903218928385e-01
3.949995461220647160e-04 8.029927004791366230e-01
4.014242490499317709e-04 8.004278564109292837e-01
4.079534503452448896e-04 7.978380272966905107e-01
4.145888496832911426e-04 7.952231882793656670e-01
4.213321743847288901e-04 7.925833205923858982e-01
4.281851798652415507e-04 7.899184116854623960e-01
4.351496500925045312e-04 7.872284553490634940e-01
4.422273980505897289e-04 7.845134518374223820e-01
4.494202662119142376e-04 7.817734079899216759e-01
4.567301270168746923e-04 7.790083373506918596e-01
4.641588833612782196e-04 7.762182602862681691e-01
4.717084690917012373e-04 7.734032041011396075e-01
4.793808495089107069e-04 7.705632031510269986e-01
4.871780218794630885e-04 7.676982989537242119e-01
4.951020159556351191e-04 7.648085402973319180e-01
5.031548945038056761e-04 7.618939833457155641e-01
5.113387538414320560e-04 7.589546917410182614e-01
5.196557243827657369e-04 7.559907367030525016e-01
5.281079711934330654e-04 7.530021971254062807e-01
5.366976945540475642e-04 7.499891596680823280e-01
5.454271305329836403e-04 7.469517188465040203e-01
5.542985515684662997e-04 7.438899771167123420e-01
5.633142670601351629e-04 7.408040449565831409e-01
5.724766239702178735e-04 7.376940409428962564e-01
5.817880074344935256e-04 7.345600918240804411e-01
5.912508413831881436e-04 7.314023325884718707e-01
6.008675891719680948e-04 7.282209065279166005e-01
6.106407542232036075e-04 7.250159652965524337e-01
6.205728806776500623e-04 7.217876689646116617e-01
6.306665540567405869e-04 7.185361860670812506e-01
6.409244019356456464e-04 7.152616936470663767e-01
6.513490946272796050e-04 7.119643772937073178e-01
6.619433458774387925e-04 7.086444311744964919e-01
6.727099135712337041e-04 7.053020580618593049e-01
6.836516004510238267e-04 7.019374693538502630e-01
6.947712548460240100e-04 6.985508850888372256e-01
7.060717714137765624e-04 6.951425339540423520e-01
7.175560918936921447e-04 6.917126532878137279e-01
7.292272058728313045e-04 6.882614890755187620e-01
7.410881515641569396e-04 6.847892959389387801e-01
7.531420165974375561e-04 6.812963371190671191e-01
7.653919388230155619e-04 6.777828844522137963e-01
7.778411071286482192e-04 6.742492183393251626e-01
7.904927622696419996e-04 6.706956277084380469e-01
8.033501977124734390e-04 6.671224099701983379e-01
8.164167604921471590e-04 6.635298709663732808e-01
8.296958520834915238e-04 6.599183249113064198e-01
8.431909292866251451e-04 6.562880943262656697e-01
8.569055051268347108e-04 6.526395099666465471e-01
8.708431497690724121e-04 6.489729107420055820e-01
8.850074914473439122e-04 6.452886436288995942e-01
8.994022174092053228e-04 6.415870635765279495e-01
9.140310748756222403e-04 6.378685334051747979e-01
9.288978720164497516e-04 6.341334236974651706e-01
9.440064789417603299e-04 6.303821126824609156e-01
9.593608287093146345e-04 6.266149861126211196e-01
9.749649183484096178e-04 6.228324371336784182e-01
9.908228099003786767e-04 6.190348661474823766e-01
1.006938631476027041e-03 6.152226806678743332e-01
1.023316578330244831e-03 6.113962951696761960e-01
1.039960913954120214e-03 6.075561309308710189e-01
1.056875971184804974e-03 6.037026158680826038e-01
1.074066153333432362e-03 5.998361843654586023e-01
1.091535935331391146e-03 5.959572770970766875e-01
1.109289864895222780e-03 5.920663408430109076e-01
1.127332563710487130e-03 5.881638282991913380e-01
1.145668728634872567e-03 5.842501978812149055e-01
1.164303132920875691e-03 5.803259135222690324e-01
1.183240627458377906e-03 5.763914444653374103e-01
1.202486142037412220e-03 5.724472650498781956e-01
1.222044686631488684e-03 5.684938544931570359e-01
1.241921352701784659e-03 5.645316966664445379e-01
1.262121314522546191e-03 5.605612798662865659e-01
1.282649830528059809e-03 5.565830965810648623e-01
1.303512244681508938e-03 5.525976432530824711e-01
1.324713987866117399e-03 5.486054200364034461e-01
1.346260579298911089e-03 5.446069305506952007e-01
1.368157627967470612e-03 5.406026816313248551e-01
1.390410834090069709e-03 5.365931830759644861e-01
1.413025990599533653e-03 5.325789473879782854e-01
1.436008984651260603e-03 5.285604895168521944e-01
1.459365799155757639e-03 5.245383265959493446e-01
1.483102514336102819e-03 5.205129776778727457e-01
1.507225309310755452e-03 5.164849634677143309e-01
1.531740463702079740e-03 5.124548060544923400e-01
1.556654359271062099e-03 5.084230286410572619e-01
1.581973481578601405e-03 5.043901552727716453e-01
1.607704421673822109e-03 5.003567105652582114e-01
1.633853877809860388e-03 4.963232194315168044e-01
1.660428657187529473e-03 4.922902068087159355e-01
1.687435677727375672e-03 4.882581973849532408e-01
1.714881969870540998e-03 4.842277153262940503e-01
1.742774678408917253e-03 4.801992840043867172e-01
1.771121064345086834e-03 4.761734257249533031e-01
1.799928506782476562e-03 4.721506614574614291e-01
1.829204504846293749e-03 4.681315105662653964e-01
1.858956679635688372e-03 4.641164905435149479e-01
1.889192776207664374e-03 4.601061167441242716e-01
1.919920665593282836e-03 4.561009021230801874e-01
1.951148346846616304e-03 4.521013569753837835e-01
1.982883949127071596e-03 4.481079886788902344e-01
2.015135733815558595e-03 4.441213014403268544e-01
2.047912096665083313e-03 4.401417960447536193e-01
2.081221569986337061e-03 4.361699696087220635e-01
2.115072824868794756e-03 4.322063153373941757e-01
2.149474673437980470e-03 4.282513222858554958e-01
2.184436071149428466e-03 4.243054751248691026e-01
2.219966119119952484e-03 4.203692539112970361e-01
2.256074066496859074e-03 4.164431338634076440e-01
2.292769312865648810e-03 4.125275851412906203e-01
2.330061410696924844e-03 4.086230726325710827e-01
2.367960067833078681e-03 4.047300557436259161e-01
2.406475150015421893e-03 4.008489881964832358e-01
2.445616683452444227e-03 3.969803178315776115e-01
2.485394857429798314e-03 3.931244864165330810e-01
2.525820026962784671e-03 3.892819294611166159e-01
2.566902715491951956e-03 3.854530760385151966e-01
2.608653617622550599e-03 3.816383486130643932e-01
2.651083601908536293e-03 3.778381628745519083e-01
2.694203713681882304e-03 3.740529275792063291e-01
2.738025177927857611e-03 3.702830443974750030e-01
2.782559402207125665e-03 3.665289077686745833e-01
2.827817979625344216e-03 3.627909047625972327e-01
2.873812691851063313e-03 3.590694149481386543e-01
2.920555512182745027e-03 3.553648102690015187e-01
2.968058608665602276e-03 3.516774549265278549e-01
3.016334347259197381e-03 3.480077052696851636e-01
3.065395295056529829e-03 3.443559096922378382e-01
3.115254223555484914e-03 3.407224085371149958e-01
3.165924111983520629e-03 3.371075340079765503e-01
3.217418150676371654e-03 3.335116100879768064e-01
3.269749744511767954e-03 3.299349524656995936e-01
3.322932516398975026e-03 3.263778684682463460e-01
3.376980310825087803e-03 3.228406570014366039e-01
3.431907197459042706e-03 3.193236084970758060e-01
3.487727474814177487e-03 3.158270048672399688e-01
3.544455673970435625e-03 3.123511194655070322e-01
3.602106562357073553e-03 3.088962170550689779e-01
3.660695147596898513e-03 3.054625537836422877e-01
3.720236681413065759e-03 3.020503771650873692e-01
3.780746663599349276e-03 2.986599260676476852e-01
3.842240846055060884e-03 2.952914307086978440e-01
3.904735236885564006e-03 2.919451126558968435e-01
3.968246104569478003e-03 2.886211848346296183e-01
4.032789982193705006e-03 2.853198515416114356e-01
4.098383671757261509e-03 2.820413084645341795e-01
4.165044248545184992e-03 2.787857427076133043e-01
4.232789065573553354e-03 2.755533328229016754e-01
4.301635758106790719e-03 2.723442488472267997e-01
4.371602248248502090e-03 2.691586523446006241e-01
4.442706749606882902e-03 2.659966964539572376e-01
4.514967772036101654e-03 2.628585259420546105e-01
4.588404126454761513e-03 2.597442772613884898e-01
4.663034929742726313e-03 2.566540786129546392e-01
4.738879609717651029e-03 2.535880500136937221e-01
4.815957910192351227e-03 2.505463033684587337e-01
4.894289896114531989e-03 2.475289425463286785e-01
4.973895958790068052e-03 2.445360634611048745e-01
5.054796821191235093e-03 2.415677541558177710e-01
5.137013543351338918e-03 2.386240948910693382e-01
5.220567527846975073e-03 2.357051582370460752e-01
5.305480525369573805e-03 2.328110091690207273e-01
5.391774640387505396e-03 2.299417051661771794e-01
5.479472336900281099e-03 2.270972963135840517e-01
5.568596444286409188e-03 2.242778254071423061e-01
5.659170163246242738e-03 2.214833280613438260e-01
5.751217071841613696e-03 2.187138328196608639e-01
5.844761131633637551e-03 2.159693612674058183e-01
5.939826693920350481e-03 2.132499281468917540e-01
6.036438506075864248e-03 2.105555414747262155e-01
6.134621717992506419e-03 2.078862026610810432e-01
6.234401888627863660e-03 2.052419066307705486e-01
6.335804992658253774e-03 2.026226419459833394e-01
6.438857427240412407e-03 2.000283909305119456e-01
6.543586018883228855e-03 1.974591297953237068e-01
6.650018030431118291e-03 1.949148287653276190e-01
6.758181168161110294e-03 1.923954522071842366e-01
6.868103588995307790e-03 1.899009587580177405e-01
6.979813907830653176e-03 1.874313014548883993e-01
7.093341204987989659e-03 1.849864278648859495e-01
7.208715033782135163e-03 1.825662802157141107e-01
7.325965428215230023e-03 1.801707955266299011e-01
7.445122910795143496e-03 1.777999057396144889e-01
7.566218500481047653e-03 1.754535378506515142e-01
7.689283720758305352e-03 1.731316140409912829e-01
7.814350607844541483e-03 1.708340518082896164e-01
7.941451719029339953e-03 1.685607640975036181e-01
8.070620141149507584e-03 1.663116594314404673e-01
8.201889499202211220e-03 1.640866420408532422e-01
8.335293965098187693e-03 1.618856119939844074e-01
8.470868266557402340e-03 1.597084653254587372e-01
8.608647696149244674e-03 1.575550941644368597e-01
8.748668120479913615e-03 1.554253868619365764e-01
8.890965989529167612e-03 1.533192281172398863e-01
9.035578346138920316e-03 1.512364991033048334e-01
9.182542835656282154e-03 1.491770775911030189e-01
9.331897715733238757e-03 1.471408380728141951e-01
9.483681866285927423e-03 1.451276518838028329e-01
9.637934799615796230e-03 1.431373873233150462e-01
9.794696670695384952e-03 1.411699097738329245e-01
9.954008287621518916e-03 1.392250818190259309e-01
1.011591112223829761e-02 1.373027633602492692e-01
1.028044732093309765e-02 1.354028117315317359e-01
1.044765971560805175e-02 1.335250818130100103e-01
1.061759183482999074e-02 1.316694261427630575e-01
1.079028791516183604e-02 1.298356950270043719e-01
1.096579291267809828e-02 1.280237366485975359e-01
1.114415251466788215e-02 1.262333971738556215e-01
1.132541315152812630e-02 1.244645208575964751e-01
1.150962200885031171e-02 1.227169501464231843e-01
1.169682703970384603e-02 1.209905257802037087e-01
1.188707697711903315e-02 1.192850868917290780e-01
1.208042134677328981e-02 1.176004711045261358e-01
1.227691047988360359e-02 1.159365146288099807e-01
1.247659552630868418e-02 1.142930523555603095e-01
1.267952846786433996e-02 1.126699179487078428e-01
1.288576213185517981e-02 1.110669439354239063e-01
1.309535020482667685e-02 1.094839617945009280e-01
1.330834724654075991e-02 1.079208020428217285e-01
1.352480870417874063e-02 1.063772943199128018e-01
1.374479092677536630e-02 1.048532674705792006e-01
1.396835117988739702e-02 1.033485496256245917e-01
1.419554766050101606e-02 1.018629682806552611e-01
1.442643951218158804e-02 1.003963503729748130e-01
1.466108684046982941e-02 9.894852235657486395e-02
1.489955072852853710e-02 9.751931027522854623e-02
1.514189325304352018e-02 9.610853983369860298e-02
1.538817750038346324e-02 9.471603646706712454e-02
1.563846758302247716e-02 9.334162540820203913e-02
1.589282865622976271e-02 9.198513175337258430e-02
1.615132693503089703e-02 9.064638052602792817e-02
1.641402971144466372e-02 8.932519673875721766e-02
1.668100537200059227e-02 8.802140545344473710e-02
1.695232341554121433e-02 8.673483183964113274e-02
1.722805447131392151e-02 8.546530123116824473e-02
1.750827031735723363e-02 8.421263918097766921e-02
1.779304389918577242e-02 8.297667151428554655e-02
1.808244934877951612e-02 8.175722438000246339e-02
1.837656200388172387e-02 8.055412430048304595e-02
1.867545842761074090e-02 7.936719821961789323e-02
1.897921642839099643e-02 7.819627354929009622e-02
1.928791508020777715e-02 7.704117821422368229e-02
1.960163474319185847e-02 7.590174069524509293e-02
1.992045708453871189e-02 7.477779007098558917e-02
2.024446509976801645e-02 7.366915605804921774e-02
2.057374313432911578e-02 7.257566904967185928e-02
2.090837690555749986e-02 7.149716015289958593e-02
2.124845352498882720e-02 7.043346122431030920e-02
2.159406152103567761e-02 6.938440490430747287e-02
2.194529086203311427e-02 6.834982465001228358e-02
2.230223297965936227e-02 6.732955476678093021e-02
2.266498079273692942e-02 6.632343043837594931e-02
2.303362873142131284e-02 6.533128775581678593e-02
2.340827276178294308e-02 6.435296374493849891e-02
2.378901041078890916e-02 6.338829639268582505e-02
2.417594079169128191e-02 6.243712467216912948e-02
2.456916462982790261e-02 6.149928856651161457e-02
2.496878428884326609e-02 6.057462909151248298e-02
2.537490379733571555e-02 5.966298831715528134e-02
2.578762887593803732e-02 5.876420938798766758e-02
2.620706696483849837e-02 5.787813654239975375e-02
2.663332725174980681e-02 5.700461513082716314e-02
2.706652070033241375e-02 5.614349163290709849e-02
2.750676007908067419e-02 5.529461367361152013e-02
2.795415999067859397e-02 5.445783003838511327e-02
2.840883690183301086e-02 5.363299068731374603e-02
2.887090917359234551e-02 5.281994676834807223e-02
2.934049709215787172e-02 5.201855062960963894e-02
2.981772290019673449e-02 5.122865583080223051e-02
3.030271082866399512e-02 5.045011715375487260e-02
3.079558712914223437e-02 4.968279061212048375e-02
3.129648010670750546e-02 4.892653346025378075e-02
3.180552015332920035e-02 4.818120420129372306e-02
3.232283978181380718e-02 4.744666259447210405e-02
3.284857366030047299e-02 4.672276966167267925e-02
3.338285864731757591e-02 4.600938769326342465e-02
3.392583382740992082e-02 4.530638025322360207e-02
3.447764054734463873e-02 4.461361218358913389e-02
3.503842245290676033e-02 4.393094960823622913e-02
3.560832552629281805e-02 4.325825993602582659e-02
3.618749812411276717e-02 4.259541186332930357e-02
3.677609101601030800e-02 4.194227537595561495e-02
3.737425742391064371e-02 4.129872175050129657e-02
3.798215306190736579e-02 4.066462355514135346e-02
3.859993617679770977e-02 4.003985464988169679e-02
3.922776758927715157e-02 3.942429018629169113e-02
3.986581073580438422e-02 3.881780660673505440e-02
4.051423171114647281e-02 3.822028164311846304e-02
4.117319931161678853e-02 3.763159431517412723e-02
4.184288507901584575e-02 3.705162492829497389e-02
4.252346334528677579e-02 3.648025507093903552e-02
4.321511127789762208e-02 3.591736761161950370e-02
4.391800892596085804e-02 3.536284669549760035e-02
4.463233926710397093e-02 3.481657774059296329e-02
4.535828825510190843e-02 3.427844743362803981e-02
4.609604486828429437e-02 3.374834372552130285e-02
4.684580115873045181e-02 3.322615582654380589e-02
4.760775230226368254e-02 3.271177420115446710e-02
4.838209664925956915e-02 3.220509056252685715e-02
4.916903577628031069e-02 3.170599786678218734e-02
4.996877453854878942e-02 3.121439030694153280e-02
5.078152112327670442e-02 3.073016330660999565e-02
5.160748710385907462e-02 3.025321351340639828e-02
5.244688749495118874e-02 2.978343879214968154e-02
5.329994080844092930e-02 2.932073821781475478e-02
5.416686911033146562e-02 2.886501206826939253e-02
5.504789807854967854e-02 2.841616181680301292e-02
5.594325706169377826e-02 2.797409012445938037e-02
5.685317913873753209e-02 2.753870083218274561e-02
5.777790117970506983e-02 2.710989895278861223e-02
5.871766390733249713e-02 2.668759066276911798e-02
5.967271195973310183e-02 2.627168329394233282e-02
6.064329395408061402e-02 2.586208532495599607e-02
6.162966255132942134e-02 2.545870637265370412e-02
6.263207452198692182e-02 2.506145718331333899e-02
6.365079081295564600e-02 2.467024962376614464e-02
6.468607661546320331e-02 2.428499667240453450e-02
6.573820143409585259e-02 2.390561241008758164e-02
6.680743915695615265e-02 2.353201201095098116e-02
6.789406812696112403e-02 2.316411173312989819e-02
6.899837121430010822e-02 2.280182890940177232e-02
7.012063589007176689e-02 2.244508193775597224e-02
7.126115430111745752e-02 2.209379027189790554e-02
7.242022334607314815e-02 2.174787441169324584e-02
7.359814475265770428e-02 2.140725589355940012e-02
7.479522515621812861e-02 2.107185728081023210e-02
7.601177617955322263e-02 2.074160215395971438e-02
7.724811451403400253e-02 2.041641510099098319e-02
7.850456200204508628e-02 2.009622170759545190e-02
7.978144572076628638e-02 1.978094854738798869e-02
8.107909806731677937e-02 1.947052317210313729e-02
8.239785684528511123e-02 1.916487410177707129e-02
8.373806535266489770e-02 1.886393081492068746e-02
8.510007247122246266e-02 1.856762373868768926e-02
8.648423275731725868e-02 1.827588423904254536e-02
8.789090653419963373e-02 1.798864461093246242e-02
8.932045998580959156e-02 1.770583806846741035e-02
9.077326525210223374e-02 1.742739873511196802e-02
9.224970052592174063e-02 1.715326163389321174e-02
9.375015015145289621e-02 1.688336267762756068e-02
9.527500472427299916e-02 1.661763865917054855e-02
9.682466119303113905e-02 1.635602724169261252e-02
9.839952296278225985e-02 1.609846694898393535e-02
1.000000000000000056e-01 1.584489715579175118e-02
