1.000000000000000021e-08 9.999798796804894030e-01
1.016265089392995110e-08 9.999795524283856540e-01
1.032794731918952445e-08 9.999792198537165167e-01
1.049593230558226649e-08 9.999788818699171244e-01
1.066664958279538736e-08 9.999785383890154034e-01
1.084014359178330982e-08 9.999781893216078688e-01
1.101645949633656934e-08 9.999778345768374210e-01
1.119564319483879355e-08 9.999774740623693647e-01
1.137774133221490262e-08 9.999771076843675388e-01
1.156280131207375345e-08 9.999767353474697806e-01
1.175087130904807623e-08 9.999763569547632791e-01
1.194200028133532503e-08 9.999759724077588174e-01
1.213623798344241837e-08 9.999755816063661262e-01
1.233363497913774651e-08 9.999751844488667940e-01
1.253424265461399562e-08 9.999747808318885101e-01
1.273811323186478490e-08 9.999743706503777529e-01
1.294529978227915991e-08 9.999739537975725900e-01
1.315585624045705234e-08 9.999735301649755881e-01
1.336983741824945163e-08 9.999730996423241702e-01
1.358729901902709187e-08 9.999726621175634156e-01
1.380829765218092295e-08 9.999722174768151950e-01
1.403289084785873192e-08 9.999717656043507485e-01
1.426113707194129758e-08 9.999713063825587112e-01
1.449309574126215144e-08 9.999708396919152475e-01
1.472882723907501811e-08 9.999703654109531881e-01
1.496839293077255471e-08 9.999698834162294991e-01
1.521185517986104820e-08 9.999693935822947521e-01
1.545927736419478449e-08 9.999688957816590396e-01
1.571072389247448998e-08 9.999683898847591124e-01
1.596626022101425121e-08 9.999678757599254064e-01
1.622595287078086962e-08 9.999673532733469594e-01
1.648986944471064949e-08 9.999668222890369940e-01
1.675807864530768860e-08 9.999662826687976125e-01
1.703065029252842640e-08 9.999657342721832709e-01
1.730765534195724054e-08 9.999651769564654735e-01
1.758916590327732712e-08 9.999646105765939152e-01
1.787525525904235371e-08 9.999640349851606214e-01
1.816599788375328570e-08 9.999634500323598685e-01
1.846146946324545845e-08 9.999628555659508811e-01
1.876174691439119556e-08 9.999622514312166421e-01
1.906690840512251962e-08 9.999616374709250355e-01
1.937703337477988794e-08 9.999610135252866572e-01
1.969220255479173433e-08 9.999603794319142924e-01
2.001249798969034913e-08 9.999597350257806161e-01
2.033800305846979844e-08 9.999590801391745609e-01
2.066880249629081913e-08 9.999584146016582409e-01
2.100498241653915160e-08 9.999577382400220982e-01
2.134663033324245531e-08 9.999570508782410494e-01
2.169383518385182241e-08 9.999563523374273011e-01
2.204668735239407667e-08 9.999556424357846085e-01
2.240527869300018155e-08 9.999549209885609802e-01
2.276970255381679834e-08 9.999541878080002721e-01
2.314005380130653974e-08 9.999534427032937822e-01
2.351642884494350993e-08 9.999526854805304010e-01
2.389892566231047717e-08 9.999519159426459858e-01
2.428764382460450497e-08 9.999511338893724011e-01
2.468268452255692455e-08 9.999503391171857825e-01
2.508415059277541100e-08 9.999495314192530238e-01
2.549214654451425775e-08 9.999487105853777091e-01
2.590677858688006237e-08 9.999478764019469335e-01
2.632815465648019883e-08 9.999470286518740147e-01
2.675638444552045216e-08 9.999461671145429831e-01
2.719157943036018985e-08 9.999452915657512930e-01
2.763385290053172716e-08 9.999444017776509819e-01
2.808331998823169829e-08 9.999434975186902719e-01
2.854009769829237414e-08 9.999425785535520639e-01
2.900430493863991500e-08 9.999416446430943184e-01
2.947606255124858740e-08 9.999406955442869949e-01
2.995549334359816154e-08 9.999397310101483249e-01
3.044272212064299607e-08 9.999387507896820848e-01
3.093787571730136651e-08 9.999377546278115370e-01
3.144108303147264744e-08 9.999367422653123727e-01
3.195247505759213554e-08 9.999357134387467649e-01
3.247218492073131890e-08 9.999346678803943123e-01
3.300034791125282055e-08 9.999336053181818729e-01
3.353710152002928723e-08 9.999325254756136205e-01
3.408258547423452176e-08 9.999314280716988801e-01
3.463694177371734093e-08 9.999303128208795188e-01
3.520031472796682789e-08 9.999291794329543404e-01
3.577285099367869991e-08 9.999280276130056988e-01
3.635469961293318112e-08 9.999268570613212281e-01
3.694601205199302233e-08 9.999256674733169037e-01
3.754694224073336784e-08 9.999244585394568841e-01
3.815764661271252174e-08 9.999232299451749073e-01
3.877828414589453252e-08 9.999219813707902471e-01
3.940901640403447515e-08 9.999207124914258893e-01
4.005000757873611176e-08 9.999194229769249320e-01
4.070142453219439185e-08 9.999181124917625452e-01
4.136343684063277745e-08 9.999167806949613713e-01
4.203621683844717915e-08 9.999154272400008203e-01
4.271993966306776573e-08 9.999140517747282519e-01
4.341478330055092286e-08 9.999126539412668269e-01
4.412092863191190232e-08 9.999112333759235804e-01
4.483855948021190636e-08 9.999097897090930553e-01
4.556786265841068465e-08 9.999083225651635987e-01
4.630902801799736922e-08 9.999068315624181080e-01
4.706224849841281539e-08 9.999053163129351107e-01
4.782772017727485049e-08 9.999037764224890656e-01
4.860564232142138588e-08 9.999022114904464464e-01
4.939621743878325726e-08 9.999006211096629348e-01
5.019965133110078918e-08 9.998990048663770613e-01
5.101615314749833786e-08 9.998973623401027355e-01
5.184593543892912712e-08 9.998956931035205553e-01
5.268921421350676915e-08 9.998939967223661185e-01
5.354620899273612896e-08 9.998922727553176681e-01
5.441714286865887210e-08 9.998905207538816287e-01
5.530224256192900145e-08 9.998887402622756992e-01
5.620173848083188292e-08 9.998869308173115034e-01
5.711586478126434916e-08 9.998850919482725752e-01
5.804485942768983740e-08 9.998832231767940115e-01
5.898896425508493303e-08 9.998813240167370164e-01
5.994842503189409424e-08 9.998793939740631131e-01
6.092349152400711584e-08 9.998774325467066904e-01
6.191441755977847689e-08 9.998754392244428857e-01
6.292146109610350070e-08 9.998734134887568015e-01
6.394488428556936010e-08 9.998713548127082795e-01
6.498495354469888085e-08 9.998692626607952327e-01
6.604193962330305823e-08 9.998671364888143120e-01
6.711611767496286717e-08 9.998649757437201302e-01
6.820776732865692255e-08 9.998627798634818209e-01
6.931717276155400840e-08 9.998605482769369335e-01
7.044462277299036794e-08 9.998582804036428850e-01
7.159041085964888045e-08 9.998559756537273024e-01
7.275483529196231984e-08 9.998536334277341453e-01
7.393819919175873408e-08 9.998512531164688300e-01
7.514081061116961850e-08 9.998488341008390234e-01
7.636298261282241588e-08 9.998463757516962147e-01
7.760503335133571367e-08 9.998438774296698472e-01
7.886728615614155644e-08 9.998413384850040053e-01
8.015006961565413044e-08 9.998387582573868837e-01
8.145371766280737258e-08 9.998361360757807015e-01
8.277856966198471773e-08 9.998334712582475081e-01
8.412497049736118078e-08 9.998307631117724359e-01
8.549327066268384629e-08 9.998280109320830666e-01
8.688382635251192821e-08 9.998252140034680213e-01
8.829699955494083135e-08 9.998223715985915527e-01
8.973315814583520204e-08 9.998194829783030313e-01
9.119267598459297759e-08 9.998165473914480961e-01
9.267593301146883668e-08 9.998135640746717012e-01
9.418331534647960283e-08 9.998105322522217175e-01
9.571521538991856055e-08 9.998074511357466498e-01
9.727203192450536562e-08 9.998043199240927992e-01
9.885417021919572961e-08 9.998011378030950969e-01
1.004620421346813191e-07 9.997979039453677164e-01
1.020960662306047507e-07 9.997946175100879129e-01
1.037566678745184818e-07 9.997912776427803072e-01
1.054442793526168454e-07 9.997878834750935084e-01
1.071593399822671165e-07 9.997844341245768485e-01
1.089022962263730555e-07 9.997809286944504548e-01
1.106736018095974501e-07 9.997773662733738798e-01
1.124737178364750763e-07 9.997737459352099565e-01
1.143031129114478678e-07 9.997700667387849904e-01
1.161622632608501812e-07 9.997663277276442884e-01
1.180516528568805511e-07 9.997625279298057999e-01
1.199717735435885631e-07 9.997586663575080967e-01
1.219231251649109383e-07 9.997547420069538004e-01
1.239062156947915701e-07 9.997507538580512332e-01
1.259215613694151061e-07 9.997467008741489636e-01
1.279696868215941652e-07 9.997425820017686871e-01
1.300511252173409858e-07 9.997383961703321109e-01
1.321664183946603918e-07 9.997341422918842868e-01
1.343161170046015304e-07 9.997298192608112810e-01
1.365007806546013903e-07 9.997254259535556242e-01
1.387209780541621071e-07 9.997209612283243230e-01
1.409772871628967586e-07 9.997164239247944284e-01
1.432702953409829562e-07 9.997118128638130541e-01
1.456005995020648655e-07 9.997071268470916205e-01
1.479688062686396267e-07 9.997023646568969912e-01
1.503755321299738365e-07 9.996975250557357251e-01
1.528214036025870954e-07 9.996926067860357756e-01
1.553070573933458456e-07 9.996876085698198633e-01
1.578331405652116518e-07 9.996825291083756282e-01
1.604003107056819881e-07 9.996773670819207869e-01
1.630092360979741138e-07 9.996721211492616277e-01
1.656605958949915327e-07 9.996667899474463992e-01
1.683550802961200715e-07 9.996613720914137025e-01
1.710933907269013290e-07 9.996558661736345552e-01
1.738762400216250540e-07 9.996502707637484608e-01
1.767043526088946617e-07 9.996445844081953691e-01
1.795784647002096697e-07 9.996388056298395330e-01
1.824993244816150550e-07 9.996329329275878139e-01
1.854676923084697568e-07 9.996269647760034349e-01
1.884843409033795357e-07 9.996208996249115186e-01
1.915500555573527936e-07 9.996147358989991849e-01
1.946656343342263367e-07 9.996084719974100974e-01
1.978318882784162208e-07 9.996021062933297952e-01
2.010496416260497127e-07 9.995956371335681379e-01
2.043197320195270474e-07 9.995890628381313148e-01
2.076430107255774870e-07 9.995823816997898570e-01
2.110203428568596572e-07 9.995755919836383230e-01
2.144526075971665378e-07 9.995686919266476567e-01
2.179406984302953533e-07 9.995616797372109952e-01
2.214855233726359380e-07 9.995545535946833704e-01
2.250880052095461857e-07 9.995473116489103083e-01
2.287490817355704078e-07 9.995399520197534304e-01
2.324697059985645525e-07 9.995324727966056200e-01
2.362508465477945104e-07 9.995248720378983043e-01
2.400934876860651595e-07 9.995171477706029650e-01
2.439986297259550047e-07 9.995092979897225449e-01
2.479672892502159966e-07 9.995013206577755271e-01
2.520004993764089383e-07 9.994932137042721321e-01
2.560993100258456838e-07 9.994849750251808551e-01
2.602647881969004651e-07 9.994766024823886763e-01
2.644980182427720070e-07 9.994680939031503897e-01
2.688001021537607504e-07 9.994594470795302721e-01
2.731721598441373654e-07 9.994506597678340931e-01
2.776153294436797922e-07 9.994417296880340196e-01
2.821307675939470486e-07 9.994326545231809744e-01
2.867196497493769966e-07 9.994234319188106674e-01
2.913831704832788474e-07 9.994140594823389678e-01
2.961225437988031500e-07 9.994045347824470626e-01
3.009390034449724303e-07 9.993948553484576225e-01
3.058338032378431566e-07 9.993850186697009752e-01
3.108082173869063920e-07 9.993750221948703993e-01
3.158635408267819256e-07 9.993648633313687579e-01
3.210010895543168453e-07 9.993545394446423646e-01
3.262222009711673251e-07 9.993440478575059682e-01
3.315282342319423480e-07 9.993333858494574118e-01
3.369205705980267328e-07 9.993225506559788585e-01
3.424006137971425436e-07 9.993115394678303565e-01
3.479697903887687909e-07 9.993003494303286383e-01
3.536295501355046578e-07 9.992889776426173709e-01
3.593813663804625413e-07 9.992774211569245280e-01
3.652267364308175408e-07 9.992656769778068826e-01
3.711671819475767101e-07 9.992537420613852861e-01
3.772042493416993616e-07 9.992416133145648471e-01
3.833395101766605394e-07 9.992292875942443420e-01
3.895745615775500918e-07 9.992167617065135232e-01
3.959110266468458876e-07 9.992040324058362177e-01
4.023505548869293084e-07 9.991910963942208790e-01
4.088948226294864306e-07 9.991779503203792601e-01
4.155455334718879651e-07 9.991645907788704317e-01
4.223044187206672270e-07 9.991510143092312557e-01
4.291732378422157257e-07 9.991372173950943125e-01
4.361537789208005614e-07 9.991231964632898421e-01
4.432478591240400518e-07 9.991089478829359161e-01
4.504573251759462753e-07 9.990944679645121784e-01
4.577840538376616380e-07 9.990797529589202641e-01
4.652299523960189011e-07 9.990647990565280079e-01
4.727969591600390720e-07 9.990496023862007746e-01
4.804870439655133784e-07 9.990341590143152484e-01
4.883022086877884378e-07 9.990184649437586772e-01
4.962444877628913673e-07 9.990025161129130193e-01
5.043159487171359161e-07 9.989863083946208810e-01
5.125186927053332351e-07 9.989698375951381326e-01
5.208548550577665794e-07 9.989530994530680941e-01
5.293266058360566796e-07 9.989360896382788457e-01
5.379361503980697196e-07 9.989188037508048845e-01
5.466857299720180573e-07 9.989012373197302397e-01
5.555776222398877301e-07 9.988833858020546019e-01
5.646141419303672361e-07 9.988652445815423553e-01
5.737976414214139612e-07 9.988468089675516248e-01
5.831305113526218361e-07 9.988280741938470042e-01
5.926151812475552896e-07 9.988090354173932983e-01
6.022541201461927509e-07 9.987896877171283938e-01
6.120498372476702854e-07 9.987700260927204754e-01
6.220048825634717926e-07 9.987500454633025937e-01
6.321218475812448096e-07 9.987297406661885812e-01
6.424033659394190549e-07 9.987091064555705389e-01
6.528521141127847315e-07 9.986881375011932294e-01
6.634708121092350418e-07 9.986668283870090423e-01
6.742622241778349095e-07 9.986451736098137522e-01
6.852291595284057501e-07 9.986231675778572958e-01
6.963744730628222709e-07 9.986008046094365653e-01
7.077010661181889092e-07 9.985780789314646633e-01
7.192118872221193113e-07 9.985549846780173988e-01
7.309099328602918614e-07 9.985315158888586895e-01
7.427982482564911104e-07 9.985076665079422042e-01
7.548799281653431580e-07 9.984834303818894696e-01
7.671581176779302778e-07 9.984588012584457717e-01
7.796360130405236458e-07 9.984337727849114108e-01
7.923168624866261349e-07 9.984083385065471994e-01
8.052039670825469881e-07 9.983824918649589764e-01
8.183006815867389787e-07 9.983562261964528117e-01
8.316104153230961550e-07 9.983295347303692280e-01
8.451366330684722093e-07 9.983024105873883336e-01
8.588828559546258306e-07 9.982748467778104207e-01
8.728526623848370902e-07 9.982468361998104722e-01
8.870496889654402904e-07 9.982183716376644700e-01
9.014776314524917028e-07 9.981894457599506110e-01
9.161402457138521424e-07 9.981600511177209922e-01
9.310413487069085223e-07 9.981301801426457621e-01
9.461848194721991931e-07 9.980998251451304037e-01
9.615746001432095654e-07 9.980689783124022663e-01
9.772146969725724298e-07 9.980376317065686731e-01
9.931091813749800272e-07 9.980057772626461654e-01
1.009262190987048422e-06 9.979734067865589919e-01
1.025677930744420800e-06 9.979405119531064017e-01
1.042360673976401061e-06 9.979070843039017369e-01
1.059314763518370023e-06 9.978731152452767761e-01
1.076544612842315852e-06 9.978385960461577664e-01
1.094054707205743622e-06 9.978035178359057067e-01
1.111849604819269788e-06 9.977678716021284311e-01
1.129933938033221742e-06 9.977316481884547228e-01
1.148312414543511196e-06 9.976948382922795622e-01
1.166989818617147488e-06 9.976574324624720713e-01
1.185971012337670574e-06 9.976194210970498188e-01
1.205260936870841443e-06 9.975807944408208172e-01
1.224864613750930682e-06 9.975415425829849969e-01
1.244787146187906095e-06 9.975016554547058156e-01
1.265033720395903716e-06 9.974611228266404561e-01
1.285609606943296477e-06 9.974199343064364953e-01
1.306520162124719865e-06 9.973780793361892716e-01
1.327770829355428974e-06 9.973355471898633917e-01
1.349367140588306489e-06 9.972923269706740479e-01
1.371314717753945535e-06 9.972484076084302540e-01
1.393619274224143468e-06 9.972037778568403343e-01
1.416286616299197281e-06 9.971584262907734475e-01
1.439322644719406585e-06 9.971123413034862493e-01
1.462733356201129952e-06 9.970655111038042584e-01
1.486524844997857111e-06 9.970179237132636985e-01
1.510703304486655702e-06 9.969695669632113733e-01
1.535275028780421201e-06 9.969204284918619097e-01
1.560246414366371105e-06 9.968704957413118128e-01
1.585623961771137209e-06 9.968197559545103337e-01
1.611414277253019916e-06 9.967681961721858164e-01
1.637624074521688946e-06 9.967158032297279702e-01
1.664260176485901778e-06 9.966625637540238447e-01
1.691329517029650428e-06 9.966084641602498406e-01
1.718839142817145670e-06 9.965534906486157585e-01
1.746796215127245610e-06 9.964976292010628844e-01
1.775208011717636075e-06 9.964408655779138924e-01
1.804081928719380951e-06 9.963831853144754502e-01
1.833425482562292654e-06 9.963245737175917549e-01
1.863246311931559818e-06 9.962650158621496610e-01
1.893552179756295206e-06 9.962044965875324065e-01
1.924350975230332279e-06 9.961430004940249328e-01
1.955650715865946999e-06 9.960805119391671347e-01
1.987459549580985976e-06 9.960170150340551531e-01
2.019785756819878467e-06 9.959524936395924843e-01
2.052637752709252226e-06 9.958869313626864672e-01
2.086024089248504694e-06 9.958203115523919235e-01
2.119953457536069015e-06 9.957526172960015076e-01
2.154434690031886471e-06 9.956838314150814329e-01
2.189476762856620668e-06 9.956139364614515763e-01
2.225088798128369440e-06 9.955429147131102940e-01
2.261280066337279372e-06 9.954707481701027261e-01
2.298059988758848964e-06 9.953974185503333683e-01
2.335438139906481616e-06 9.953229072853185810e-01
2.373424250023866098e-06 9.952471955158839201e-01
2.412028207618006978e-06 9.951702640878018480e-01
2.451260062033339965e-06 9.950920935473686058e-01
2.491130026067785964e-06 9.950126641369231306e-01
2.531648478631357950e-06 9.949319557903052447e-01
2.572825967447932223e-06 9.948499481282523371e-01
2.614673211801092052e-06 9.947666204537338741e-01
2.657201105324506616e-06 9.946819517472252903e-01
2.700420718837769789e-06 9.945959206619174875e-01
2.744343303228368328e-06 9.945085055188644940e-01
2.788980292380439744e-06 9.944196843020650656e-01
2.834343306151309184e-06 9.943294346534822248e-01
2.880444153396297871e-06 9.942377338679959653e-01
2.927294835042813193e-06 9.941445588882905637e-01
2.974907547214443381e-06 9.940498862996769436e-01
3.023294684405776334e-06 9.939536923248467604e-01
3.072468842709003493e-06 9.938559528185596514e-01
3.122442823092858074e-06 9.937566432622633172e-01
3.173229634734973124e-06 9.936557387586449908e-01
3.224842498408445454e-06 9.935532140261132961e-01
3.277294849923382168e-06 9.934490433932114950e-01
3.330600343624588548e-06 9.933432007929613450e-01
3.384772855945982993e-06 9.932356597571356804e-01
3.439826489022921063e-06 9.931263934104606061e-01
3.495775574363278632e-06 9.930153744647464142e-01
3.552634676578139464e-06 9.929025752129471138e-01
3.610418597173337456e-06 9.927879675231480183e-01
3.669142378402493899e-06 9.926715228324789475e-01
3.728821307182830034e-06 9.925532121409578190e-01
3.789470919074671417e-06 9.924330060052579672e-01
3.851107002325569028e-06 9.923108745324032975e-01
3.913745601980383925e-06 9.921867873733889454e-01
3.977403024058036353e-06 9.920607137167282152e-01
4.042095839796302090e-06 9.919326222819235817e-01
4.107840889965650877e-06 9.918024813128644146e-01
4.174655289253134888e-06 9.916702585711486551e-01
4.242556430717776958e-06 9.915359213293289953e-01
4.311561990318228494e-06 9.913994363640838969e-01
4.381689931514185333e-06 9.912607699493121149e-01
4.452958509942660131e-06 9.911198878491522812e-01
4.525386278170166693e-06 9.909767553109263272e-01
4.598992090522438309e-06 9.908313370580049684e-01
4.673795107992463609e-06 9.906835972826000258e-01
4.749814803228495024e-06 9.905334996384776991e-01
4.827070965603187770e-06 9.903810072335973436e-01
4.905583706365045857e-06 9.902260826226730872e-01
4.985373463873893773e-06 9.900686877996601742e-01
5.066461008921268308e-06 9.899087841901648144e-01
5.148867450137487247e-06 9.897463326437776487e-01
5.232614239486667200e-06 9.895812934263336080e-01
5.317723177850966182e-06 9.894136262120932779e-01
5.404216420705915271e-06 9.892432900758530989e-01
5.492116483887788865e-06 9.890702434849762970e-01
5.581446249454954941e-06 9.888944442913544242e-01
5.672228971644549552e-06 9.887158497232906296e-01
5.764488282925873171e-06 9.885344163773119863e-01
5.858248200152535830e-06 9.883501002099088772e-01
5.953533130814370033e-06 9.881628565292015498e-01
6.050367879391212089e-06 9.879726399865355058e-01
6.148777653810029084e-06 9.877794045680049484e-01
6.248788072006888211e-06 9.875831035859091722e-01
6.350425168595962254e-06 9.873836896701361221e-01
6.453715401646702034e-06 9.871811147594808933e-01
6.558685659571422142e-06 9.869753300928952866e-01
6.665363268124920326e-06 9.867662862006720825e-01
6.773775997517744987e-06 9.865539328955640341e-01
6.883952069645496021e-06 9.863382192638394663e-01
6.995920165435374508e-06 9.861190936562760356e-01
7.109709432312424079e-06 9.858965036790924286e-01
7.225349491787221566e-06 9.856703961848215512e-01
7.342870447166757580e-06 9.854407172631263201e-01
7.462302891391107415e-06 9.852074122315582771e-01
7.583677914997190766e-06 9.849704256262629132e-01
7.707027114212287592e-06 9.847297011926321453e-01
7.832382599179204906e-06 9.844851818759062789e-01
7.959777002314978321e-06 9.842368098117277864e-01
8.089243486805938269e-06 9.839845263166503431e-01
8.220815755240541055e-06 9.837282718786013458e-01
8.354528058382854806e-06 9.834679861473060170e-01
8.490415204088755231e-06 9.832036079246708749e-01
8.628512566366886081e-06 9.829350751551331200e-01
8.768856094587426870e-06 9.826623249159740503e-01
8.911482322840200959e-06 9.823852934076054977e-01
9.056428379445293633e-06 9.821039159438269550e-01
9.203731996618229962e-06 9.818181269420596102e-01
9.353431520292377225e-06 9.815278599135601745e-01
9.505565920101190930e-06 9.812330474536175018e-01
9.660174799522645609e-06 9.809336212317357750e-01
9.817298406188840434e-06 9.806295119818094763e-01
9.976977642363212323e-06 9.803206494922906966e-01
1.013925407558814327e-05 9.800069625963583331e-01
1.030416994950587402e-05 9.796883791620883963e-01
1.047176819485520245e-05 9.793648260826318674e-01
1.064209244064724650e-05 9.790362292664068766e-01
1.081518702552289214e-05 9.787025136273064252e-01
1.099109700929496075e-05 9.783636030749297552e-01
1.116986818467822625e-05 9.780194205048402534e-01
1.135154708920999101e-05 9.776698877888574390e-01
1.153618101736478473e-05 9.773149257653884758e-01
1.172381803286599682e-05 9.769544542298025380e-01
1.191450698119774729e-05 9.765883919248582457e-01
1.210829750232039467e-05 9.762166565311868327e-01
1.230524004359261647e-05 9.758391646578398193e-01
1.250538587290391306e-05 9.754558318329075162e-01
1.270878709202059429e-05 9.750665724942148005e-01
1.291549665014882683e-05 9.746712999801021571e-01
1.312556835771842841e-05 9.742699265202988679e-01
1.333905690039058705e-05 9.738623632268964547e-01
1.355601785329368979e-05 9.734485200854317011e-01
1.377650769549055046e-05 9.730283059460836936e-01
1.400058382468096031e-05 9.726016285149990948e-01
1.422830457214351858e-05 9.721683943457483101e-01
1.445972921792019565e-05 9.717285088309284280e-01
1.469491800624817218e-05 9.712818761939145951e-01
1.493393216124253386e-05 9.708283994807773709e-01
1.517683390283403825e-05 9.703679805523706126e-01
1.542368646296627532e-05 9.699005200766008805e-01
1.567455410205594862e-05 9.694259175208923551e-01
1.592950212572123044e-05 9.689440711448551458e-01
1.618859690178199096e-05 9.684548779931673179e-01
1.645190587753660725e-05 9.679582338886857373e-01
1.671949759731991612e-05 9.674540334257947238e-01
1.699144172034626135e-05 9.669421699640068368e-01
1.726780903884356100e-05 9.664225356218256735e-01
1.754867149648151891e-05 9.658950212708856675e-01
1.783410220710006182e-05 9.653595165303832104e-01
1.812417547374239337e-05 9.648159097618079771e-01
1.841896680799710997e-05 9.642640880639953282e-01
1.871855294965579252e-05 9.637039372685063388e-01
1.902301188668945850e-05 9.631353419353581025e-01
1.933242287555043403e-05 9.625581853491117501e-01
1.964686646180448403e-05 9.619723495153396087e-01
1.996642450109793374e-05 9.613777151574849356e-01
2.029118018046678154e-05 9.607741617141281054e-01
2.062121803999144521e-05 9.601615673366807879e-01
2.095662399480430758e-05 9.595398088875206621e-01
2.129748535745523187e-05 9.589087619385863182e-01
2.164389086064020347e-05 9.582683007704491107e-01
2.199593068030074845e-05 9.576182983718803943e-01
2.235369645909796436e-05 9.569586264399324582e-01
2.271728133026902697e-05 9.562891553805525913e-01
2.308677994187171946e-05 9.556097543097479274e-01
2.346228848142262524e-05 9.549202910553238333e-01
2.384390470093720405e-05 9.542206321592106022e-01
2.423172794237600676e-05 9.535106428804064338e-01
2.462585916350544169e-05 9.527901871985484661e-01
2.502640096417921810e-05 9.520591278181417261e-01
2.543345761304648090e-05 9.513173261734617636e-01
2.584713507469563873e-05 9.505646424341541723e-01
2.626754103723838489e-05 9.498009355115550889e-01
2.669478494034318111e-05 9.490260630657528784e-01
2.712897800372469909e-05 9.482398815134166492e-01
2.757023325609582679e-05 9.474422460364120280e-01
2.801866556459195316e-05 9.466330105912302839e-01
2.847439166467247799e-05 9.458120279192535618e-01
2.893753019050947418e-05 9.449791495578809819e-01
2.940820170587066820e-05 9.441342258525401432e-01
2.988652873550382686e-05 9.432771059696104521e-01
3.037263579703311443e-05 9.424076379102792611e-01
3.086664943337274645e-05 9.415256685253635682e-01
3.136869824566873116e-05 9.406310435311145968e-01
3.187891292677648815e-05 9.397236075260385624e-01
3.239742629528195378e-05 9.388032040087561647e-01
3.292437333007768632e-05 9.378696753969270050e-01
3.345989120549975091e-05 9.369228630472696828e-01
3.400411932703702948e-05 9.359626072766971117e-01
3.455719936762143251e-05 9.349887473846028030e-01
3.511927530450727994e-05 9.340011216763193236e-01
3.569049345675229896e-05 9.329995674877762379e-01
3.627100252330647985e-05 9.319839212113895099e-01
3.686095362172154264e-05 9.309540183232053456e-01
3.746050032748996612e-05 9.299096934113258994e-01
3.806979871402284228e-05 9.288507802056495954e-01
3.868900739327975645e-05 9.277771116089451597e-01
3.931828755705769966e-05 9.266885197292946685e-01
3.995780301895265397e-05 9.255848359139269288e-01
4.060772025700369657e-05 9.244658907844718332e-01
4.126820845702951608e-05 9.233315142736615577e-01
4.193943955667186254e-05 9.221815356635043592e-01
4.262158829015324943e-05 9.210157836249579510e-01
4.331483223376393757e-05 9.198340862591312117e-01
4.401935185208879207e-05 9.186362711400323233e-01
4.473533054498463085e-05 9.174221653589014203e-01
4.546295469532399562e-05 9.161915955701371850e-01
4.620241371751313139e-05 9.149443880388568040e-01
4.695390010680053220e-05 9.136803686901012744e-01
4.771760948938750521e-05 9.123993631597159260e-01
4.849374067335233355e-05 9.111011968469298061e-01
4.928249570040513461e-05 9.097856949686470296e-01
5.008407989848212116e-05 9.084526826154842860e-01
5.089870193519674814e-05 9.071019848095627225e-01
5.172657387216024049e-05 9.057334265640809567e-01
5.256791122018419400e-05 9.043468329446860965e-01
5.342293299538352475e-05 9.029420291326567538e-01
5.429186177618943007e-05 9.015188404899209251e-01
5.517492376129117199e-05 9.000770926259163973e-01
5.607234882852038467e-05 8.986166114663137749e-01
5.698437059469136365e-05 8.971372233236114546e-01
5.791122647641758420e-05 8.956387549696137595e-01
5.885315775191450485e-05 8.941210337098028926e-01
5.981040962380931695e-05 8.925838874596143668e-01
6.078323128297236501e-05 8.910271448226165791e-01
6.177187597338488134e-05 8.894506351706090719e-01
6.277660105806499695e-05 8.878541887256319320e-01
6.379766808606282991e-05 8.862376366438954323e-01
6.483534286054713498e-05 8.846008111016258058e-01
6.588989550799956058e-05 8.829435453828232694e-01
6.696160054853215278e-05 8.812656739689324059e-01
6.805073696735206717e-05 8.795670326304096953e-01
6.915758828738525219e-05 8.778474585201878622e-01
7.028244264308337646e-05 8.761067902690178322e-01
7.142559285543133394e-05 8.743448680826777508e-01
7.258733650817245705e-05 8.725615338410338540e-01
7.376797602527730984e-05 8.707566311989262120e-01
7.496781874966877322e-05 8.689300056888695778e-01
7.618717702322983626e-05 8.670815048255307023e-01
7.742636826811278249e-05 8.652109782119645764e-01
7.868571506936843291e-05 8.633182776475754050e-01
7.996554525892345903e-05 8.614032572377654517e-01
8.126619200091945365e-05 8.594657735052401160e-01
8.258799387844254533e-05 8.575056855029267178e-01
8.393129498166373591e-05 8.555228549284594752e-01
8.529644499741016815e-05 8.535171462401945908e-01
8.668379930019773523e-05 8.514884267746912760e-01
8.809371904473991286e-05 8.494365668656174151e-01
8.952657125996382206e-05 8.473614399640160277e-01
9.098272894455568119e-05 8.452629227598708050e-01
9.246257116405733111e-05 8.431408953049143173e-01
9.396648314954690162e-05 8.409952411365971825e-01
9.549485639791966557e-05 8.388258474031624612e-01
9.704808877380307014e-05 8.366326049897345740e-01
9.862658461312830713e-05 8.344154086453540176e-01
1.002307548283864352e-04 8.321741571108680624e-01
1.018610170155975281e-04 8.299087532475928342e-01
1.035177955630176228e-04 8.276191041666565162e-01
1.052015217616159118e-04 8.253051213589255308e-01
1.069126339173477141e-04 8.229667208254167754e-01
1.086515774652537295e-04 8.206038232080934414e-01
1.104188050854160164e-04 8.182163539209347247e-01
1.122147768207980290e-04 8.158042432811732914e-01
1.140399601970033122e-04 8.133674266405817033e-01
1.158948303439811801e-04 8.109058445166907880e-01
1.177798701197118084e-04 8.084194427238202696e-01
1.196955702359042841e-04 8.059081725037894328e-01
1.216424293857368039e-04 8.033719906561886948e-01
1.236209543736769146e-04 8.008108596680663105e-01
1.256316602474121533e-04 7.982247478429052023e-01
1.276750704319264313e-04 7.956136294287420307e-01
1.297517168657586742e-04 7.929774847452876196e-01
1.318621401394748458e-04 7.903163003099069606e-01
1.340068896363950598e-04 7.876300689622995899e-01
1.361865236756082756e-04 7.849187899877370089e-01
1.384016096573130147e-04 7.821824692386973865e-01
1.406527242105236439e-04 7.794211192547394473e-01
1.429404533431761061e-04 7.766347593804600047e-01
1.452653925946781202e-04 7.738234158813653840e-01
1.476281471909391145e-04 7.709871220574990858e-01
1.500293322019216613e-04 7.681259183546546021e-01
1.524695727017572945e-04 7.652398524730075202e-01
1.549495039314631646e-04 7.623289794729986024e-01
1.574697714643086743e-04 7.593933618782937600e-01
1.600310313738701764e-04 7.564330697756530553e-01
1.626339504048190531e-04 7.534481809115340933e-01
1.652792061464893926e-04 7.504387807852578307e-01
1.679674872092653225e-04 7.474049627385678241e-01
1.706994934038408014e-04 7.443468280414021754e-01
1.734759359233932583e-04 7.412644859737156366e-01
1.762975375287203833e-04 7.381580539031746824e-01
1.791650327363899435e-04 7.350276573585559081e-01
1.820791680099462359e-04 7.318734300986842189e-01
1.850407019542302061e-04 7.286955141767363919e-01
1.880504055128583358e-04 7.254940599997519168e-01
1.911090621689135881e-04 7.222692263831848036e-01
1.942174681489024571e-04 7.190211806003374839e-01
1.973764326300255292e-04 7.157500984265249278e-01
2.005867779508234102e-04 7.124561641778081045e-01
2.038493398252464264e-04 7.091395707441554563e-01
2.071649675602066755e-04 7.058005196168838369e-01
2.105345242766704040e-04 7.024392209102375828e-01
2.139588871343421563e-04 6.990558933769785988e-01
2.174389475600079977e-04 6.956507644178446803e-01
2.209756114795903147e-04 6.922240700847650530e-01
2.245697995539771826e-04 6.887760550777066726e-01
2.282224474186896198e-04 6.853069727350414864e-01
2.319345059274427543e-04 6.818170850173346231e-01
2.357069413996727843e-04 6.783066624844479309e-01
2.395407358720879286e-04 6.747759842658750395e-01
2.434368873543112913e-04 6.712253380242214629e-01
2.473964100886811538e-04 6.676550199117585738e-01
2.514203348142796828e-04 6.640653345199799551e-01
2.555097090352507149e-04 6.604565948221120530e-01
2.596655972934872546e-04 6.568291221085198472e-01
2.638890814457513006e-04 6.531832459149755632e-01
2.681812609453012686e-04 6.495193039437591187e-01
2.725432531281027707e-04 6.458376419775672117e-01
2.769761935036891046e-04 6.421386137862276078e-01
2.814812360507581339e-04 6.384225810262109668e-01
2.860595535175745148e-04 6.346899131329551969e-01
2.907123377272575549e-04 6.309409872060229851e-01
2.954407998880379709e-04 6.271761878871202622e-01
3.002461709085549389e-04 6.233959072310257810e-01
3.051297017182870593e-04 6.196005445694734437e-01
3.100926635931929671e-04 6.157905063680616520e-01
3.151363484866476195e-04 6.119662060762587341e-01
3.202620693657650080e-04 6.081280639705891611e-01
3.254711605531848163e-04 6.042765069911064657e-01
3.307649780744242331e-04 6.004119685712467902e-01
3.361449000108768324e-04 5.965348884611927360e-01
3.416123268585525207e-04 5.926457125448720831e-01
3.471686818926559680e-04 5.887448926507300451e-01
3.528154115380883050e-04 5.848328863564328239e-01
3.585539857459817017e-04 5.809101567876534533e-01
3.643858983763548090e-04 5.769771724111182332e-01
3.703126675869923340e-04 5.730344068220938336e-01
3.763358362286532656e-04 5.690823385265018075e-01
3.824569722466999088e-04 5.651214507178693447e-01
3.886776690892667719e-04 5.611522310493161081e-01
3.949995461220647160e-04 5.571751714008030820e-01
4.014242490499317709e-04 5.531907676418673647e-01
4.079534503452448896e-04 5.491995193900766070e-01
4.145888496832911426e-04 5.452019297654532304e-01
4.213321743847288901e-04 5.411985051411095649e-01
4.281851798652415507e-04 5.371897548903571407e-01
4.351496500925045312e-04 5.331761911305538115e-01
4.422273980505897289e-04 5.291583284639552742e-01
4.494202662119142376e-04 5.251366837158536471e-01
4.567301270168746923e-04 5.211117756702744463e-01
4.641588833612782196e-04 5.170841248035250581e-01
4.717084690917012373e-04 5.130542530158805903e-01
4.793808495089107069e-04 5.090226833616980917e-01
4.871780218794630885e-04 5.049899397782630084e-01
4.951020159556351191e-04 5.009565468136544242e-01
5.031548945038056761e-04 4.969230293539386167e-01
5.113387538414320560e-04 4.928899123499883572e-01
5.196557243827657369e-04 4.888577205442282136e-01
5.281079711934330654e-04 4.848269781976151105e-01
5.366976945540475642e-04 4.807982088171466883e-01
5.454271305329836403e-04 4.767719348842046623e-01
5.542985515684662997e-04 4.727486775840313848e-01
5.633142670601351629e-04 4.687289565366311583e-01
5.724766239702178735e-04 4.647132895294027177e-01
5.817880074344935256e-04 4.607021922517793855e-01
5.912508413831881436e-04 4.566961780321742714e-01
6.008675891719680948e-04 4.526957575775112930e-01
6.106407542232036075e-04 4.487014387156146866e-01
6.205728806776500623e-04 4.447137261407415054e-01
6.306665540567405869e-04 4.407331211625104550e-01
6.409244019356456464e-04 4.367601214584968528e-01
6.513490946272796050e-04 4.327952208307453974e-01
6.619433458774387925e-04 4.288389089664431109e-01
6.727099135712337041e-04 4.248916712030016418e-01
6.836516004510238267e-04 4.209539882977668679e-01
6.947712548460240100e-04 4.170263362025894982e-01
7.060717714137765624e-04 4.131091858434646213e-01
7.175560918936921447e-04 4.092030029054446461e-01
7.292272058728313045e-04 4.053082476230286946e-01
7.410881515641569396e-04 4.014253745762025871e-01
7.531420165974375561e-04 3.975548324923156573e-01
7.653919388230155619e-04 3.936970640539540489e-01
7.778411071286482192e-04 3.898525057129697546e-01
7.904927622696419996e-04 3.860215875108060635e-01
8.033501977124734390e-04 3.822047329052615794e-01
8.164167604921471590e-04 3.784023586038070541e-01
8.296958520834915238e-04 3.746148744035741607e-01
8.431909292866251451e-04 3.708426830381174599e-01
8.569055051268347108e-04 3.670861800310360468e-01
8.708431497690724121e-04 3.633457535565438601e-01
8.850074914473439122e-04 3.596217843070471654e-01
8.994022174092053228e-04 3.559146453677951016e-01
9.140310748756222403e-04 3.522247020986472577e-01
9.288978720164497516e-04 3.485523120229935268e-01
9.440064789417603299e-04 3.448978247238587147e-01
9.593608287093146345e-04 3.412615817471974511e-01
9.749649183484096178e-04 3.376439165123917840e-01
9.908228099003786767e-04 3.340451542299436305e-01
1.006938631476027041e-03 3.304656118263442077e-01
1.023316578330244831e-03 3.269055978761031267e-01
1.039960913954120214e-03 3.233654125408916835e-01
1.056875971184804974e-03 3.198453475157644887e-01
1.074066153333432362e-03 3.163456859824031464e-01
1.091535935331391146e-03 3.128667025693182002e-01
1.109289864895222780e-03 3.094086633189452318e-01
1.127332563710487130e-03 3.059718256615477361e-01
1.145668728634872567e-03 3.025564383958463388e-01
1.164303132920875691e-03 2.991627416762784875e-01
1.183240627458377906e-03 2.957909670067845331e-01
1.202486142037412220e-03 2.924413372410182843e-01
1.222044686631488684e-03 2.891140665888587424e-01
1.241921352701784659e-03 2.858093606291076116e-01
1.262121314522546191e-03 2.825274163282444628e-01
1.282649830528059809e-03 2.792684220651034388e-01
1.303512244681508938e-03 2.760325576613414933e-01
1.324713987866117399e-03 2.728199944175462299e-01
1.346260579298911089e-03 2.696308951548431199e-01
1.368157627967470612e-03 2.664654142618491650e-01
1.390410834090069709e-03 2.633236977468163542e-01
1.413025990599533653e-03 2.602058832948120348e-01
1.436008984651260603e-03 2.571121003297691110e-01
1.459365799155757639e-03 2.540424700812463077e-01
1.483102514336102819e-03 2.509971056557323554e-01
1.507225309310755452e-03 2.479761121123234546e-01
1.531740463702079740e-03 2.449795865426108443e-01
1.556654359271062099e-03 2.420076181545995631e-01
1.581973481578601405e-03 2.390602883604937279e-01
1.607704421673822109e-03 2.361376708681723335e-01
1.633853877809860388e-03 2.332398317761834594e-01
1.660428657187529473e-03 2.303668296720874920e-01
1.687435677727375672e-03 2.275187157339714494e-01
1.714881969870540998e-03 2.246955338349672093e-01
1.742774678408917253e-03 2.218973206506009155e-01
1.771121064345086834e-03 2.191241057688017579e-01
1.799928506782476562e-03 2.163759118024072281e-01
1.829204504846293749e-03 2.136527545039896836e-01
1.858956679635688372e-03 2.109546428828450726e-01
1.889192776207664374e-03 2.082815793239780611e-01
1.919920665593282836e-03 2.056335597089204159e-01
1.951148346846616304e-03 2.030105735382295440e-01
1.982883949127071596e-03 2.004126040555026245e-01
2.015135733815558595e-03 1.978396283727596738e-01
2.047912096665083313e-03 1.952916175970405288e-01
2.081221569986337061e-03 1.927685369580682540e-01
2.115072824868794756e-03 1.902703459368383088e-01
2.149474673437980470e-03 1.877969983949846766e-01
2.184436071149428466e-03 1.853484427047911165e-01
2.219966119119952484e-03 1.829246218797098700e-01
2.256074066496859074e-03 1.805254737052556790e-01
2.292769312865648810e-03 1.781509308701521299e-01
2.330061410696924844e-03 1.758009210976000658e-01
2.367960067833078681e-03 1.734753672765524946e-01
2.406475150015421893e-03 1.711741875928782242e-01
2.445616683452444227e-03 1.688972956603003728e-01
2.485394857429798314e-03 1.666446006510051148e-01
2.525820026962784671e-03 1.644160074258098903e-01
2.566902715491951956e-03 1.622114166637956822e-01
2.608653617622550599e-03 1.600307249913031360e-01
2.651083601908536293e-03 1.578738251102010659e-01
2.694203713681882304e-03 1.557406059253363673e-01
2.738025177927857611e-03 1.536309526710840645e-01
2.782559402207125665e-03 1.515447470369104266e-01
2.827817979625344216e-03 1.494818672918763192e-01
2.873812691851063313e-03 1.474421884080053258e-01
2.920555512182745027e-03 1.454255821824450845e-01
2.968058608665602276e-03 1.434319173583604168e-01
3.016334347259197381e-03 1.414610597444894147e-01
3.065395295056529829e-03 1.395128723333083631e-01
3.115254223555484914e-03 1.375872154177484041e-01
3.165924111983520629e-03 1.356839467064110405e-01
3.217418150676371654e-03 1.338029214372376263e-01
3.269749744511767954e-03 1.319439924895831617e-01
3.322932516398975026e-03 1.301070104946562278e-01
3.376980310825087803e-03 1.282918239442853714e-01
3.431907197459042706e-03 1.264982792979754689e-01
3.487727474814177487e-03 1.247262210882256195e-01
3.544455673970435625e-03 1.229754920240740124e-01
3.602106562357073553e-03 1.212459330928480350e-01
3.660695147596898513e-03 1.195373836600936435e-01
3.720236681413065759e-03 1.178496815676635667e-01
3.780746663599349276e-03 1.161826632299487461e-01
3.842240846055060884e-03 1.145361637282333173e-01
3.904735236885564006e-03 1.129100169031636430e-01
3.968246104569478003e-03 1.113040554453199465e-01
4.032789982193705006e-03 1.097181109838807206e-01
4.098383671757261509e-03 1.081520141733777474e-01
4.165044248545184992e-03 1.066055947785333469e-01
4.232789065573553354e-03 1.050786817571814497e-01
4.301635758106790719e-03 1.035711033412716892e-01
4.371602248248502090e-03 1.020826871159577071e-01
4.442706749606882902e-03 1.006132600967765550e-01
4.514967772036101654e-03 9.916264880492135780e-02
4.588404126454761513e-03 9.773067934061685502e-02
4.663034929742726313e-03 9.631717745460686986e-02
4.738879609717651029e-03 9.492196861776223960e-02
4.815957910192351227e-03 9.354487808882465394e-02
4.894289896114531989e-03 9.218573098029560209e-02
4.973895958790068052e-03 9.084435232248787295e-02
5.054796821191235093e-03 8.952056712575442998e-02
5.137013543351338918e-03 8.821420044091060619e-02
5.220567527846975073e-03 8.692507741787038056e-02
5.305480525369573805e-03 8.565302336251183479e-02
5.391774640387505396e-03 8.439786379179479991e-02
5.479472336900281099e-03 8.315942448715003821e-02
5.568596444286409188e-03 8.193753154616106871e-02
5.659170163246242738e-03 8.073201143256318602e-02
5.751217071841613696e-03 7.954269102457946217e-02
5.844761131633637551e-03 7.836939766161972465e-02
5.939826693920350481e-03 7.721195918936603342e-02
6.036438506075864248e-03 7.607020400326838794e-02
6.134621717992506419e-03 7.494396109047811450e-02
6.234401888627863660e-03 7.383306007024177664e-02
6.335804992658253774e-03 7.273733123278347534e-02
6.438857427240412407e-03 7.165660557670124053e-02
6.543586018883228855e-03 7.059071484490345161e-02
6.650018030431118291e-03 6.953949155911395841e-02
6.758181168161110294e-03 6.850276905297032759e-02
6.868103588995307790e-03 6.748038150374434385e-02
6.979813907830653176e-03 6.647216396271138361e-02
7.093341204987989659e-03 6.547795238419541752e-02
7.208715033782135163e-03 6.449758365331886845e-02
7.325965428215230023e-03 6.353089561248234651e-02
7.445122910795143496e-03 6.257772708660357119e-02
7.566218500481047653e-03 6.163791790714207713e-02
7.689283720758305352e-03 6.071130893493663361e-02
7.814350607844541483e-03 5.979774208188427115e-02
7.941451719029339953e-03 5.889706033148568026e-02
8.070620141149507584e-03 5.800910775828561905e-02
8.201889499202211220e-03 5.713372954623468364e-02
8.335293965098187693e-03 5.627077200599889251e-02
8.470868266557402340e-03 5.542008259124318187e-02
8.608647696149244674e-03 5.458150991391640811e-02
8.748668120479913615e-03 5.375490375856172703e-02
8.890965989529167612e-03 5.294011509567962681e-02
9.035578346138920316e-03 5.213699609416849734e-02
9.182542835656282154e-03 5.134540013286721660e-02
9.331897715733238757e-03 5.056518181122649641e-02
9.483681866285927423e-03 4.979619695913087979e-02
9.637934799615796230e-03 4.903830264589770227e-02
9.794696670695384952e-03 4.829135718847599179e-02
9.954008287621518916e-03 4.755522015886844145e-02
1.011591112223829761e-02 4.682975239080124780e-02
1.028044732093309765e-02 4.611481598566239543e-02
1.044765971560805175e-02 4.541027431773270173e-02
1.061759183482999074e-02 4.471599203873078548e-02
1.079028791516183604e-02 4.403183508169367794e-02
1.096579291267809828e-02 4.335767066421546134e-02
1.114415251466788215e-02 4.269336729106321116e-02
1.132541315152812630e-02 4.203879475619234918e-02
1.150962200885031171e-02 4.139382414418075334e-02
1.169682703970384603e-02 4.075832783110156649e-02
1.188707697711903315e-02 4.013217948485487546e-02
1.208042134677328981e-02 3.951525406497607279e-02
1.227691047988360359e-02 3.890742782194045457e-02
1.247659552630868418e-02 3.830857829598215136e-02
1.267952846786433996e-02 3.771858431544481555e-02
1.288576213185517981e-02 3.713732599468265450e-02
1.309535020482667685e-02 3.656468473152745674e-02
1.330834724654075991e-02 3.600054320433950655e-02
1.352480870417874063e-02 3.544478536865829088e-02
1.374479092677536630e-02 3.489729645346865278e-02
1.396835117988739702e-02 3.435796295709903775e-02
1.419554766050101606e-02 3.382667264276564140e-02
1.442643951218158804e-02 3.330331453377841089e-02
1.466108684046982941e-02 3.278777890842294457e-02
1.489955072852853710e-02 3.227995729453221607e-02
1.514189325304352018e-02 3.177974246376275708e-02
1.538817750038346324e-02 3.128702842558747643e-02
1.563846758302247716e-02 3.080171042101914960e-02
1.589282865622976271e-02 3.032368491607694005e-02
1.615132693503089703e-02 2.985284959500813032e-02
1.641402971144466372e-02 2.938910335327786505e-02
1.668100537200059227e-02 2.893234629033756070e-02
1.695232341554121433e-02 2.848247970218419772e-02
1.722805447131392151e-02 2.803940607372127844e-02
1.750827031735723363e-02 2.760302907093195937e-02
1.779304389918577242e-02 2.717325353287562348e-02
1.808244934877951612e-02 2.674998546351687115e-02
1.837656200388172387e-02 2.633313202339770606e-02
1.867545842761074090e-02 2.592260152116213773e-02
1.897921642839099643e-02 2.551830340494214144e-02
1.928791508020777715e-02 2.512014825361487402e-02
1.960163474319185847e-02 2.472804776793867051e-02
1.992045708453871189e-02 2.434191476157711309e-02
2.024446509976801645e-02 2.396166315201903388e-02
2.057374313432911578e-02 2.358720795140215043e-02
2.090837690555749986e-02 2.321846525724867785e-02
2.124845352498882720e-02 2.285535224311930486e-02
2.159406152103567761e-02 2.249778714919352385e-02
2.194529086203311427e-02 2.214568927278288274e-02
2.230223297965936227e-02 2.179897895878362205e-02
2.266498079273692942e-02 2.145757759007588597e-02
2.303362873142131284e-02 2.112140757787477410e-02
2.340827276178294308e-02 2.079039235203990546e-02
2.378901041078890916e-02 2.046445635134912580e-02
2.417594079169128191e-02 2.014352501374164911e-02
2.456916462982790261e-02 1.982752476653674295e-02
2.496878428884326609e-02 1.951638301663220776e-02
2.537490379733571555e-02 1.921002814068831568e-02
2.578762887593803732e-02 1.890838947530178171e-02
2.620706696483849837e-02 1.861139730717439877e-02
2.663332725174980681e-02 1.831898286328062508e-02
2.706652070033241375e-02 1.803107830103889073e-02
2.750676007908067419e-02 1.774761669849000967e-02
2.795415999067859397e-02 1.746853204448715891e-02
2.840883690183301086e-02 1.719375922890105379e-02
2.887090917359234551e-02 1.692323403284367797e-02
2.934049709215787172e-02 1.665689311891464103e-02
2.981772290019673449e-02 1.639467402147273822e-02
3.030271082866399512e-02 1.613651513693638642e-02
3.079558712914223437e-02 1.588235571411584363e-02
3.129648010670750546e-02 1.563213584457989053e-02
3.180552015332920035e-02 1.538579645306026311e-02
3.232283978181380718e-02 1.514327928789581217e-02
3.284857366030047299e-02 1.490452691151937688e-02
3.338285864731757591e-02 1.466948269098961553e-02
3.392583382740992082e-02 1.443809078856991661e-02
3.447764054734463873e-02 1.421029615235698193e-02
3.503842245290676033e-02 1.398604450696057377e-02
3.560832552629281805e-02 1.376528234423677992e-02
3.618749812411276717e-02 1.354795691407650188e-02
3.677609101601030800e-02 1.333401621525079003e-02
3.737425742391064371e-02 1.312340898631506568e-02
3.798215306190736579e-02 1.291608469657321359e-02
3.859993617679770977e-02 1.271199353710348971e-02
3.922776758927715157e-02 1.251108641184736636e-02
3.986581073580438422e-02 1.231331492876261424e-02
4.051423171114647281e-02 1.211863139104208016e-02
4.117319931161678853e-02 1.192698878839887691e-02
4.184288507901584575e-02 1.173834078841936267e-02
4.252346334528677579e-02 1.155264172798478768e-02
4.321511127789762208e-02 1.136984660476239063e-02
4.391800892596085804e-02 1.118991106876712598e-02
4.463233926710397093e-02 1.101279141399433628e-02
4.535828825510190843e-02 1.083844457012443467e-02
4.609604486828429437e-02 1.066682809430010044e-02
4.684580115873045181e-02 1.049790016297649266e-02
4.760775230226368254e-02 1.033161956384530747e-02
4.838209664925956915e-02 1.016794568783277106e-02
4.916903577628031069e-02 1.000683852117223264e-02
4.996877453854878942e-02 9.848258637551704497e-03
5.078152112327670442e-02 9.692167190336506769e-03
5.160748710385907462e-02 9.538525904867608748e-03
5.244688749495118874e-02 9.387297070835508642e-03
5.329994080844092930e-02 9.238443534730118520e-03
5.416686911033146562e-02 9.091928692366692613e-03
5.504789807854967854e-02 8.947716481487819756e-03
5.594325706169377826e-02 8.805771374441806118e-03
5.685317913873753209e-02 8.666058370937125555e-03
5.777790117970506983e-02 8.528542990873164836e-03
5.871766390733249713e-02 8.393191267247182216e-03
5.967271195973310183e-02 8.259969739137248620e-03
6.064329395408061402e-02 8.128845444761381364e-03
6.162966255132942134e-02 7.999785914612356913e-03
6.263207452198692182e-02 7.872759164668291162e-03
6.365079081295564600e-02 7.747733689678727026e-03
6.468607661546320331e-02 7.624678456525908407e-03
6.573820143409585259e-02 7.503562897661237088e-03
6.680743915695615265e-02 7.384356904616347882e-03
6.789406812696112403e-02 7.267030821588714440e-03
6.899837121430010822e-02 7.151555439101417964e-03
7.012063589007176689e-02 7.037901987736663346e-03
7.126115430111745752e-02 6.926042131942913502e-03
7.242022334607314815e-02 6.815947963914965359e-03
7.359814475265770428e-02 6.707591997546820048e-03
7.479522515621812861e-02 6.600947162456846824e-03
7.601177617955322263e-02 6.495986798084767144e-03
7.724811451403400253e-02 6.392684647860221239e-03
7.850456200204508628e-02 6.291014853442192939e-03
7.978144572076628638e-02 6.190951949029039475e-03
8.107909806731677937e-02 6.092470855738583296e-03
8.239785684528511123e-02 5.995546876057707315e-03
8.373806535266489770e-02 5.900155688361162151e-03
8.510007247122246266e-02 5.806273341498803010e-03
8.648423275731725868e-02 5.713876249450950025e-03
8.789090653419963373e-02 5.622941186051255355e-03
8.932045998580959156e-02 5.533445279776581793e-03
9.077326525210223374e-02 5.445366008603252754e-03
9.224970052592174063e-02 5.358681194929340585e-03
9.375015015145289621e-02 5.273369000562171810e-03
9.527500472427299916e-02 5.189407921770666787e-03
9.682466119303113905e-02 5.106776784401913585e-03
9.839952296278225985e-02 5.025454739061312529e-03
1.000000000000000056e-01 4.945421256355911517e-03
