1.000000000000000021e-08 9.999996587031881878e-01
1.016265089392995110e-08 9.999996531519670384e-01
1.032794731918952445e-08 9.999996475104545590e-01
1.049593230558226649e-08 9.999996417771828128e-01
1.066664958279538736e-08 9.999996359506586607e-01
1.084014359178330982e-08 9.999996300293657603e-01
1.101645949633656934e-08 9.999996240117626778e-01
1.119564319483879355e-08 9.999996178962827775e-01
1.137774133221490262e-08 9.999996116813338887e-01
1.156280131207375345e-08 9.999996053652987493e-01
1.175087130904807623e-08 9.999995989465325641e-01
1.194200028133532503e-08 9.999995924233646694e-01
1.213623798344241837e-08 9.999995857940969790e-01
1.233363497913774651e-08 9.999995790570037624e-01
1.253424265461399562e-08 9.999995722103312001e-01
1.273811323186478490e-08 9.999995652522970513e-01
1.294529978227915991e-08 9.999995581810898759e-01
1.315585624045705234e-08 9.999995509948691463e-01
1.336983741824945163e-08 9.999995436917638036e-01
1.358729901902709187e-08 9.999995362698731460e-01
1.380829765218092295e-08 9.999995287272647193e-01
1.403289084785873192e-08 9.999995210619752051e-01
1.426113707194129758e-08 9.999995132720091995e-01
1.449309574126215144e-08 9.999995053553387692e-01
1.472882723907501811e-08 9.999994973099033402e-01
1.496839293077255471e-08 9.999994891336080327e-01
1.521185517986104820e-08 9.999994808243248823e-01
1.545927736419478449e-08 9.999994723798905083e-01
1.571072389247448998e-08 9.999994637981068912e-01
1.596626022101425121e-08 9.999994550767400403e-01
1.622595287078086962e-08 9.999994462135193274e-01
1.648986944471064949e-08 9.999994372061377090e-01
1.675807864530768860e-08 9.999994280522503942e-01
1.703065029252842640e-08 9.999994187494746223e-01
1.730765534195724054e-08 9.999994092953884417e-01
1.758916590327732712e-08 9.999993996875309321e-01
1.787525525904235371e-08 9.999993899234007610e-01
1.816599788375328570e-08 9.999993800004565170e-01
1.846146946324545845e-08 9.999993699161149330e-01
1.876174691439119556e-08 9.999993596677508867e-01
1.906690840512251962e-08 9.999993492526964012e-01
1.937703337477988794e-08 9.999993386682403118e-01
1.969220255479173433e-08 9.999993279116273781e-01
2.001249798969034913e-08 9.999993169800573956e-01
2.033800305846979844e-08 9.999993058706846405e-01
2.066880249629081913e-08 9.999992945806170930e-01
2.100498241653915160e-08 9.999992831069161037e-01
2.134663033324245531e-08 9.999992714465945065e-01
2.169383518385182241e-08 9.999992595966169517e-01
2.204668735239407667e-08 9.999992475538987957e-01
2.240527869300018155e-08 9.999992353153052127e-01
2.276970255381679834e-08 9.999992228776499736e-01
2.314005380130653974e-08 9.999992102376953351e-01
2.351642884494350993e-08 9.999991973921511512e-01
2.389892566231047717e-08 9.999991843376735412e-01
2.428764382460450497e-08 9.999991710708636683e-01
2.468268452255692455e-08 9.999991575882685169e-01
2.508415059277541100e-08 9.999991438863782278e-01
2.549214654451425775e-08 9.999991299616257656e-01
2.590677858688006237e-08 9.999991158103862521e-01
2.632815465648019883e-08 9.999991014289760782e-01
2.675638444552045216e-08 9.999990868136513500e-01
2.719157943036018985e-08 9.999990719606077771e-01
2.763385290053172716e-08 9.999990568659782308e-01
2.808331998823169829e-08 9.999990415258338539e-01
2.854009769829237414e-08 9.999990259361808409e-01
2.900430493863991500e-08 9.999990100929614378e-01
2.947606255124858740e-08 9.999989939920512771e-01
2.995549334359816154e-08 9.999989776292587118e-01
3.044272212064299607e-08 9.999989610003244822e-01
3.093787571730136651e-08 9.999989441009198288e-01
3.144108303147264744e-08 9.999989269266453817e-01
3.195247505759213554e-08 9.999989094730303840e-01
3.247218492073131890e-08 9.999988917355312479e-01
3.300034791125282055e-08 9.999988737095308888e-01
3.353710152002928723e-08 9.999988553903368382e-01
3.408258547423452176e-08 9.999988367731800221e-01
3.463694177371734093e-08 9.999988178532140948e-01
3.520031472796682789e-08 9.999987986255141070e-01
3.577285099367869991e-08 9.999987790850743963e-01
3.635469961293318112e-08 9.999987592268088088e-01
3.694601205199302233e-08 9.999987390455473690e-01
3.754694224073336784e-08 9.999987185360367237e-01
3.815764661271252174e-08 9.999986976929378102e-01
3.877828414589453252e-08 9.999986765108251907e-01
3.940901640403447515e-08 9.999986549841844985e-01
4.005000757873611176e-08 9.999986331074118828e-01
4.070142453219439185e-08 9.999986108748125657e-01
4.136343684063277745e-08 9.999985882805991766e-01
4.203621683844717915e-08 9.999985653188898649e-01
4.271993966306776573e-08 9.999985419837074119e-01
4.341478330055092286e-08 9.999985182689772323e-01
4.412092863191190232e-08 9.999984941685258200e-01
4.483855948021190636e-08 9.999984696760797487e-01
4.556786265841068465e-08 9.999984447852632297e-01
4.630902801799736922e-08 9.999984194895963352e-01
4.706224849841281539e-08 9.999983937824947766e-01
4.782772017727485049e-08 9.999983676572659075e-01
4.860564232142138588e-08 9.999983411071095007e-01
4.939621743878325726e-08 9.999983141251138630e-01
5.019965133110078918e-08 9.999982867042551682e-01
5.101615314749833786e-08 9.999982588373953485e-01
5.184593543892912712e-08 9.999982305172798736e-01
5.268921421350676915e-08 9.999982017365370845e-01
5.354620899273612896e-08 9.999981724876745304e-01
5.441714286865887210e-08 9.999981427630783015e-01
5.530224256192900145e-08 9.999981125550108096e-01
5.620173848083188292e-08 9.999980818556082340e-01
5.711586478126434916e-08 9.999980506568791894e-01
5.804485942768983740e-08 9.999980189507017281e-01
5.898896425508493303e-08 9.999979867288227853e-01
5.994842503189409424e-08 9.999979539828540709e-01
6.092349152400711584e-08 9.999979207042715146e-01
6.191441755977847689e-08 9.999978868844121571e-01
6.292146109610350070e-08 9.999978525144720409e-01
6.394488428556936010e-08 9.999978175855041007e-01
6.498495354469888085e-08 9.999977820884160540e-01
6.604193962330305823e-08 9.999977460139669594e-01
6.711611767496286717e-08 9.999977093527666616e-01
6.820776732865692255e-08 9.999976720952713505e-01
6.931717276155400840e-08 9.999976342317824507e-01
7.044462277299036794e-08 9.999975957524435133e-01
7.159041085964888045e-08 9.999975566472375510e-01
7.275483529196231984e-08 9.999975169059851510e-01
7.393819919175873408e-08 9.999974765183410330e-01
7.514081061116961850e-08 9.999974354737913851e-01
7.636298261282241588e-08 9.999973937616520869e-01
7.760503335133571367e-08 9.999973513710647133e-01
7.886728615614155644e-08 9.999973082909943134e-01
8.015006961565413044e-08 9.999972645102264135e-01
8.145371766280737258e-08 9.999972200173644632e-01
8.277856966198471773e-08 9.999971748008259498e-01
8.412497049736118078e-08 9.999971288488408439e-01
8.549327066268384629e-08 9.999970821494468254e-01
8.688382635251192821e-08 9.999970346904875074e-01
8.829699955494083135e-08 9.999969864596085500e-01
8.973315814583520204e-08 9.999969374442548853e-01
9.119267598459297759e-08 9.999968876316669419e-01
9.267593301146883668e-08 9.999968370088779812e-01
9.418331534647960283e-08 9.999967855627098778e-01
9.571521538991856055e-08 9.999967332797707886e-01
9.727203192450536562e-08 9.999966801464507116e-01
9.885417021919572961e-08 9.999966261489181552e-01
1.004620421346813191e-07 9.999965712731168077e-01
1.020960662306047507e-07 9.999965155047617626e-01
1.037566678745184818e-07 9.999964588293359657e-01
1.054442793526168454e-07 9.999964012320858853e-01
1.071593399822671165e-07 9.999963426980181813e-01
1.089022962263730555e-07 9.999962832118957090e-01
1.106736018095974501e-07 9.999962227582331886e-01
1.124737178364750763e-07 9.999961613212939859e-01
1.143031129114478678e-07 9.999960988850851162e-01
1.161622632608501812e-07 9.999960354333539136e-01
1.180516528568805511e-07 9.999959709495830351e-01
1.199717735435885631e-07 9.999959054169860195e-01
1.219231251649109383e-07 9.999958388185044011e-01
1.239062156947915701e-07 9.999957711368016033e-01
1.259215613694151061e-07 9.999957023542593859e-01
1.279696868215941652e-07 9.999956324529722940e-01
1.300511252173409858e-07 9.999955614147448824e-01
1.321664183946603918e-07 9.999954892210846102e-01
1.343161170046015304e-07 9.999954158531987325e-01
1.365007806546013903e-07 9.999953412919885265e-01
1.387209780541621071e-07 9.999952655180448513e-01
1.409772871628967586e-07 9.999951885116432626e-01
1.432702953409829562e-07 9.999951102527377955e-01
1.456005995020648655e-07 9.999950307209566347e-01
1.479688062686396267e-07 9.999949498955970073e-01
1.503755321299738365e-07 9.999948677556189658e-01
1.528214036025870954e-07 9.999947842796407249e-01
1.553070573933458456e-07 9.999946994459323335e-01
1.578331405652116518e-07 9.999946132324111225e-01
1.604003107056819881e-07 9.999945256166343777e-01
1.630092360979741138e-07 9.999944365757948983e-01
1.656605958949915327e-07 9.999943460867144474e-01
1.683550802961200715e-07 9.999942541258378670e-01
1.710933907269013290e-07 9.999941606692267504e-01
1.738762400216250540e-07 9.999940656925533355e-01
1.767043526088946617e-07 9.999939691710943990e-01
1.795784647002096697e-07 9.999938710797241503e-01
1.824993244816150550e-07 9.999937713929089034e-01
1.854676923084697568e-07 9.999936700846990822e-01
1.884843409033795357e-07 9.999935671287233374e-01
1.915500555573527936e-07 9.999934624981808851e-01
1.946656343342263367e-07 9.999933561658359560e-01
1.978318882784162208e-07 9.999932481040090249e-01
2.010496416260497127e-07 9.999931382845705929e-01
2.043197320195270474e-07 9.999930266789340827e-01
2.076430107255774870e-07 9.999929132580474000e-01
2.110203428568596572e-07 9.999927979923860510e-01
2.144526075971665378e-07 9.999926808519458143e-01
2.179406984302953533e-07 9.999925618062340815e-01
2.214855233726359380e-07 9.999924408242619744e-01
2.250880052095461857e-07 9.999923178745373509e-01
2.287490817355704078e-07 9.999921929250555896e-01
2.324697059985645525e-07 9.999920659432911529e-01
2.362508465477945104e-07 9.999919368961900368e-01
2.400934876860651595e-07 9.999918057501604451e-01
2.439986297259550047e-07 9.999916724710642413e-01
2.479672892502159966e-07 9.999915370242079549e-01
2.520004993764089383e-07 9.999913993743340113e-01
2.560993100258456838e-07 9.999912594856114056e-01
2.602647881969004651e-07 9.999911173216262661e-01
2.644980182427720070e-07 9.999909728453727498e-01
2.688001021537607504e-07 9.999908260192427178e-01
2.731721598441373654e-07 9.999906768050169648e-01
2.776153294436797922e-07 9.999905251638537829e-01
2.821307675939470486e-07 9.999903710562808579e-01
2.867196497493769966e-07 9.999902144421830563e-01
2.913831704832788474e-07 9.999900552807932108e-01
2.961225437988031500e-07 9.999898935306811287e-01
3.009390034449724303e-07 9.999897291497423790e-01
3.058338032378431566e-07 9.999895620951885222e-01
3.108082173869063920e-07 9.999893923235345650e-01
3.158635408267819256e-07 9.999892197905886349e-01
3.210010895543168453e-07 9.999890444514398791e-01
3.262222009711673251e-07 9.999888662604470291e-01
3.315282342319423480e-07 9.999886851712270763e-01
3.369205705980267328e-07 9.999885011366418386e-01
3.424006137971425436e-07 9.999883141087870797e-01
3.479697903887687909e-07 9.999881240389790760e-01
3.536295501355046578e-07 9.999879308777428477e-01
3.593813663804625413e-07 9.999877345747980595e-01
3.652267364308175408e-07 9.999875350790474737e-01
3.711671819475767101e-07 9.999873323385621848e-01
3.772042493416993616e-07 9.999871263005690736e-01
3.833395101766605394e-07 9.999869169114364853e-01
3.895745615775500918e-07 9.999867041166607962e-01
3.959110266468458876e-07 9.999864878608517582e-01
4.023505548869293084e-07 9.999862680877187326e-01
4.088948226294864306e-07 9.999860447400548136e-01
4.155455334718879651e-07 9.999858177597232833e-01
4.223044187206672270e-07 9.999855870876422914e-01
4.291732378422157257e-07 9.999853526637679790e-01
4.361537789208005614e-07 9.999851144270811565e-01
4.432478591240400518e-07 9.999848723155695396e-01
4.504573251759462753e-07 9.999846262662128726e-01
4.577840538376616380e-07 9.999843762149653870e-01
4.652299523960189011e-07 9.999841220967399247e-01
4.727969591600390720e-07 9.999838638453912854e-01
4.804870439655133784e-07 9.999836013936980184e-01
4.883022086877884378e-07 9.999833346733456585e-01
4.962444877628913673e-07 9.999830636149086294e-01
5.043159487171359161e-07 9.999827881478325908e-01
5.125186927053332351e-07 9.999825082004152321e-01
5.208548550577665794e-07 9.999822236997889524e-01
5.293266058360566796e-07 9.999819345719000996e-01
5.379361503980697196e-07 9.999816407414918729e-01
5.466857299720180573e-07 9.999813421320825624e-01
5.555776222398877301e-07 9.999810386659472305e-01
5.646141419303672361e-07 9.999807302640968398e-01
5.737976414214139612e-07 9.999804168462576026e-01
5.831305113526218361e-07 9.999800983308504421e-01
5.926151812475552896e-07 9.999797746349696759e-01
6.022541201461927509e-07 9.999794456743611448e-01
6.120498372476702854e-07 9.999791113634006745e-01
6.220048825634717926e-07 9.999787716150715378e-01
6.321218475812448096e-07 9.999784263409419172e-01
6.424033659394190549e-07 9.999780754511420344e-01
6.528521141127847315e-07 9.999777188543407247e-01
6.634708121092350418e-07 9.999773564577207896e-01
6.742622241778349095e-07 9.999769881669566818e-01
6.852291595284057501e-07 9.999766138861884146e-01
6.963744730628222709e-07 9.999762335179969153e-01
7.077010661181889092e-07 9.999758469633791558e-01
7.192118872221193113e-07 9.999754541217222847e-01
7.309099328602918614e-07 9.999750548907770931e-01
7.427982482564911104e-07 9.999746491666312576e-01
7.548799281653431580e-07 9.999742368436834727e-01
7.671581176779302778e-07 9.999738178146142520e-01
7.796360130405236458e-07 9.999733919703597262e-01
7.923168624866261349e-07 9.999729592000816680e-01
8.052039670825469881e-07 9.999725193911404020e-01
8.183006815867389787e-07 9.999720724290634966e-01
8.316104153230961550e-07 9.999716181975182305e-01
8.451366330684722093e-07 9.999711565782785083e-01
8.588828559546258306e-07 9.999706874511975485e-01
8.728526623848370902e-07 9.999702106941735780e-01
8.870496889654402904e-07 9.999697261831199668e-01
9.014776314524917028e-07 9.999692337919315888e-01
9.161402457138521424e-07 9.999687333924534016e-01
9.310413487069085223e-07 9.999682248544460306e-01
9.461848194721991931e-07 9.999677080455523503e-01
9.615746001432095654e-07 9.999671828312631794e-01
9.772146969725724298e-07 9.999666490748819747e-01
9.931091813749800272e-07 9.999661066374893048e-01
1.009262190987048422e-06 9.999655553779066564e-01
1.025677930744420800e-06 9.999649951526605740e-01
1.042360673976401061e-06 9.999644258159438026e-01
1.059314763518370023e-06 9.999638472195787608e-01
1.076544612842315852e-06 9.999632592129779063e-01
1.094054707205743622e-06 9.999626616431058768e-01
1.111849604819269788e-06 9.999620543544378570e-01
1.129933938033221742e-06 9.999614371889213871e-01
1.148312414543511196e-06 9.999608099859329524e-01
1.166989818617147488e-06 9.999601725822380160e-01
1.185971012337670574e-06 9.999595248119476087e-01
1.205260936870841443e-06 9.999588665064751414e-01
1.224864613750930682e-06 9.999581974944935503e-01
1.244787146187906095e-06 9.999575176018892231e-01
1.265033720395903716e-06 9.999568266517182558e-01
1.285609606943296477e-06 9.999561244641592683e-01
1.306520162124719865e-06 9.999554108564672195e-01
1.327770829355428974e-06 9.999546856429257780e-01
1.349367140588306489e-06 9.999539486347990280e-01
1.371314717753945535e-06 9.999531996402822864e-01
1.393619274224143468e-06 9.999524384644522534e-01
1.416286616299197281e-06 9.999516649092166087e-01
1.439322644719406585e-06 9.999508787732619419e-01
1.462733356201129952e-06 9.999500798520022382e-01
1.486524844997857111e-06 9.999492679375246995e-01
1.510703304486655702e-06 9.999484428185365648e-01
1.535275028780421201e-06 9.999476042803091547e-01
1.560246414366371105e-06 9.999467521046236929e-01
1.585623961771137209e-06 9.999458860697123530e-01
1.611414277253019916e-06 9.999450059502029697e-01
1.637624074521688946e-06 9.999441115170581984e-01
1.664260176485901778e-06 9.999432025375177835e-01
1.691329517029650428e-06 9.999422787750370523e-01
1.718839142817145670e-06 9.999413399892255194e-01
1.746796215127245610e-06 9.999403859357848257e-01
1.775208011717636075e-06 9.999394163664448998e-01
1.804081928719380951e-06 9.999384310288993438e-01
1.833425482562292654e-06 9.999374296667399298e-01
1.863246311931559818e-06 9.999364120193904304e-01
1.893552179756295206e-06 9.999353778220378963e-01
1.924350975230332279e-06 9.999343268055647105e-01
1.955650715865946999e-06 9.999332586964783109e-01
1.987459549580985976e-06 9.999321732168396926e-01
2.019785756819878467e-06 9.999310700841925748e-01
2.052637752709252226e-06 9.999299490114877953e-01
2.086024089248504694e-06 9.999288097070108128e-01
2.119953457536069015e-06 9.999276518743045461e-01
2.154434690031886471e-06 9.999264752120929911e-01
2.189476762856620668e-06 9.999252794142023948e-01
2.225088798128369440e-06 9.999240641694824294e-01
2.261280066337279372e-06 9.999228291617248132e-01
2.298059988758848964e-06 9.999215740695812649e-01
2.335438139906481616e-06 9.999202985664797927e-01
2.373424250023866098e-06 9.999190023205403177e-01
2.412028207618006978e-06 9.999176849944879653e-01
2.451260062033339965e-06 9.999163462455656903e-01
2.491130026067785964e-06 9.999149857254451268e-01
2.531648478631357950e-06 9.999136030801364372e-01
2.572825967447932223e-06 9.999121979498957202e-01
2.614673211801092052e-06 9.999107699691320850e-01
2.657201105324506616e-06 9.999093187663121718e-01
2.700420718837769789e-06 9.999078439638645621e-01
2.744343303228368328e-06 9.999063451780804135e-01
2.788980292380439744e-06 9.999048220190147607e-01
2.834343306151309184e-06 9.999032740903850414e-01
2.880444153396297871e-06 9.999017009894681784e-01
2.927294835042813193e-06 9.999001023069949978e-01
2.974907547214443381e-06 9.998984776270464225e-01
3.023294684405776334e-06 9.998968265269423394e-01
3.072468842709003493e-06 9.998951485771337966e-01
3.122442823092858074e-06 9.998934433410914258e-01
3.173229634734973124e-06 9.998917103751914226e-01
3.224842498408445454e-06 9.998899492286004165e-01
3.277294849923382168e-06 9.998881594431590081e-01
3.330600343624588548e-06 9.998863405532617543e-01
3.384772855945982993e-06 9.998844920857374863e-01
3.439826489022921063e-06 9.998826135597257414e-01
3.495775574363278632e-06 9.998807044865521965e-01
3.552634676578139464e-06 9.998787643696016580e-01
3.610418597173337456e-06 9.998767927041890546e-01
3.669142378402493899e-06 9.998747889774288744e-01
3.728821307182830034e-06 9.998727526681016053e-01
3.789470919074671417e-06 9.998706832465188432e-01
3.851107002325569028e-06 9.998685801743851798e-01
3.913745601980383925e-06 9.998664429046592028e-01
3.977403024058036353e-06 9.998642708814112767e-01
4.042095839796302090e-06 9.998620635396791023e-01
4.107840889965650877e-06 9.998598203053215006e-01
4.174655289253134888e-06 9.998575405948687544e-01
4.242556430717776958e-06 9.998552238153725069e-01
4.311561990318228494e-06 9.998528693642504406e-01
4.381689931514185333e-06 9.998504766291307355e-01
4.452958509942660131e-06 9.998480449876935294e-01
4.525386278170166693e-06 9.998455738075087140e-01
4.598992090522438309e-06 9.998430624458719551e-01
4.673795107992463609e-06 9.998405102496389363e-01
4.749814803228495024e-06 9.998379165550552727e-01
4.827070965603187770e-06 9.998352806875838716e-01
4.905583706365045857e-06 9.998326019617311822e-01
4.985373463873893773e-06 9.998298796808686717e-01
5.066461008921268308e-06 9.998271131370523035e-01
5.148867450137487247e-06 9.998243016108390169e-01
5.232614239486667200e-06 9.998214443711004318e-01
5.317723177850966182e-06 9.998185406748331117e-01
5.404216420705915271e-06 9.998155897669659398e-01
5.492116483887788865e-06 9.998125908801647199e-01
5.581446249454954941e-06 9.998095432346327804e-01
5.672228971644549552e-06 9.998064460379094687e-01
5.764488282925873171e-06 9.998032984846639826e-01
5.858248200152535830e-06 9.998000997564876480e-01
5.953533130814370033e-06 9.997968490216813109e-01
6.050367879391212089e-06 9.997935454350401763e-01
6.148777653810029084e-06 9.997901881376340949e-01
6.248788072006888211e-06 9.997867762565862959e-01
6.350425168595962254e-06 9.997833089048459021e-01
6.453715401646702034e-06 9.997797851809598901e-01
6.558685659571422142e-06 9.997762041688373902e-01
6.665363268124920326e-06 9.997725649375148738e-01
6.773775997517744987e-06 9.997688665409133479e-01
6.883952069645496021e-06 9.997651080175941063e-01
6.995920165435374508e-06 9.997612883905095948e-01
7.109709432312424079e-06 9.997574066667507253e-01
7.225349491787221566e-06 9.997534618372900805e-01
7.342870447166757580e-06 9.997494528767202349e-01
7.462302891391107415e-06 9.997453787429881888e-01
7.583677914997190766e-06 9.997412383771265842e-01
7.707027114212287592e-06 9.997370307029792569e-01
7.832382599179204906e-06 9.997327546269225707e-01
7.959777002314978321e-06 9.997284090375829768e-01
8.089243486805938269e-06 9.997239928055493552e-01
8.220815755240541055e-06 9.997195047830805814e-01
8.354528058382854806e-06 9.997149438038092084e-01
8.490415204088755231e-06 9.997103086824394858e-01
8.628512566366886081e-06 9.997055982144417152e-01
8.768856094587426870e-06 9.997008111757392790e-01
8.911482322840200959e-06 9.996959463223936693e-01
9.056428379445293633e-06 9.996910023902825237e-01
9.203731996618229962e-06 9.996859780947727758e-01
9.353431520292377225e-06 9.996808721303884759e-01
9.505565920101190930e-06 9.996756831704743940e-01
9.660174799522645609e-06 9.996704098668524052e-01
9.817298406188840434e-06 9.996650508494735465e-01
9.976977642363212323e-06 9.996596047260640772e-01
1.013925407558814327e-05 9.996540700817659886e-01
1.030416994950587402e-05 9.996484454787722962e-01
1.047176819485520245e-05 9.996427294559544485e-01
1.064209244064724650e-05 9.996369205284864057e-01
1.081518702552289214e-05 9.996310171874609463e-01
1.099109700929496075e-05 9.996250178994999791e-01
1.116986818467822625e-05 9.996189211063594149e-01
1.135154708920999101e-05 9.996127252245268213e-01
1.153618101736478473e-05 9.996064286448133052e-01
1.172381803286599682e-05 9.996000297319376227e-01
1.191450698119774729e-05 9.995935268241055160e-01
1.210829750232039467e-05 9.995869182325806124e-01
1.230524004359261647e-05 9.995802022412492160e-01
1.250538587290391306e-05 9.995733771061776629e-01
1.270878709202059429e-05 9.995664410551637902e-01
1.291549665014882683e-05 9.995593922872795245e-01
1.312556835771842841e-05 9.995522289724065867e-01
1.333905690039058705e-05 9.995449492507660905e-01
1.355601785329368979e-05 9.995375512324388145e-01
1.377650769549055046e-05 9.995300329968787034e-01
1.400058382468096031e-05 9.995223925924184849e-01
1.422830457214351858e-05 9.995146280357677382e-01
1.445972921792019565e-05 9.995067373115011922e-01
1.469491800624817218e-05 9.994987183715419166e-01
1.493393216124253386e-05 9.994905691346327448e-01
1.517683390283403825e-05 9.994822874858021455e-01
1.542368646296627532e-05 9.994738712758196586e-01
1.567455410205594862e-05 9.994653183206435587e-01
1.592950212572123044e-05 9.994566264008594159e-01
1.618859690178199096e-05 9.994477932611099957e-01
1.645190587753660725e-05 9.994388166095148351e-01
1.671949759731991612e-05 9.994296941170826010e-01
1.699144172034626135e-05 9.994204234171121248e-01
1.726780903884356100e-05 9.994110021045850001e-01
1.754867149648151891e-05 9.994014277355478537e-01
1.783410220710006182e-05 9.993916978264857365e-01
1.812417547374239337e-05 9.993818098536840777e-01
1.841896680799710997e-05 9.993717612525815364e-01
1.871855294965579252e-05 9.993615494171121938e-01
1.902301188668945850e-05 9.993511716990371996e-01
1.933242287555043403e-05 9.993406254072665362e-01
1.964686646180448403e-05 9.993299078071681274e-01
1.996642450109793374e-05 9.993190161198679533e-01
2.029118018046678154e-05 9.993079475215381757e-01
2.062121803999144521e-05 9.992966991426734946e-01
2.095662399480430758e-05 9.992852680673571797e-01
2.129748535745523187e-05 9.992736513325136682e-01
2.164389086064020347e-05 9.992618459271519482e-01
2.199593068030074845e-05 9.992498487915930649e-01
2.235369645909796436e-05 9.992376568166900785e-01
2.271728133026902697e-05 9.992252668430310347e-01
2.308677994187171946e-05 9.992126756601332760e-01
2.346228848142262524e-05 9.991998800056214325e-01
2.384390470093720405e-05 9.991868765643948658e-01
2.423172794237600676e-05 9.991736619677817899e-01
2.462585916350544169e-05 9.991602327926782934e-01
2.502640096417921810e-05 9.991465855606747049e-01
2.543345761304648090e-05 9.991327167371690798e-01
2.584713507469563873e-05 9.991186227304655887e-01
2.626754103723838489e-05 9.991042998908579165e-01
2.669478494034318111e-05 9.990897445097000062e-01
2.712897800372469909e-05 9.990749528184612593e-01
2.757023325609582679e-05 9.990599209877661924e-01
2.801866556459195316e-05 9.990446451264201055e-01
2.847439166467247799e-05 9.990291212804180976e-01
2.893753019050947418e-05 9.990133454319399808e-01
2.940820170587066820e-05 9.989973134983283209e-01
2.988652873550382686e-05 9.989810213310500453e-01
3.037263579703311443e-05 9.989644647146430634e-01
3.086664943337274645e-05 9.989476393656452347e-01
3.136869824566873116e-05 9.989305409315064610e-01
3.187891292677648815e-05 9.989131649894843479e-01
3.239742629528195378e-05 9.988955070455222129e-01
3.292437333007768632e-05 9.988775625331098862e-01
3.345989120549975091e-05 9.988593268121251922e-01
3.400411932703702948e-05 9.988407951676590013e-01
3.455719936762143251e-05 9.988219628088210733e-01
3.511927530450727994e-05 9.988028248675275833e-01
3.569049345675229896e-05 9.987833763972688850e-01
3.627100252330647985e-05 9.987636123718590664e-01
3.686095362172154264e-05 9.987435276841650778e-01
3.746050032748996612e-05 9.987231171448165412e-01
3.806979871402284228e-05 9.987023754808950216e-01
3.868900739327975645e-05 9.986812973346037570e-01
3.931828755705769966e-05 9.986598772619154074e-01
3.995780301895265397e-05 9.986381097311992638e-01
4.060772025700369657e-05 9.986159891218283624e-01
4.126820845702951608e-05 9.985935097227619517e-01
4.193943955667186254e-05 9.985706657311094192e-01
4.262158829015324943e-05 9.985474512506693490e-01
4.331483223376393757e-05 9.985238602904473737e-01
4.401935185208879207e-05 9.984998867631501573e-01
4.473533054498463085e-05 9.984755244836569510e-01
4.546295469532399562e-05 9.984507671674659468e-01
4.620241371751313139e-05 9.984256084291193156e-01
4.695390010680053220e-05 9.984000417806009331e-01
4.771760948938750521e-05 9.983740606297111242e-01
4.849374067335233355e-05 9.983476582784163167e-01
4.928249570040513461e-05 9.983208279211724934e-01
5.008407989848212116e-05 9.982935626432229981e-01
5.089870193519674814e-05 9.982658554188719169e-01
5.172657387216024049e-05 9.982376991097278163e-01
5.256791122018419400e-05 9.982090864629226123e-01
5.342293299538352475e-05 9.981800101093036837e-01
5.429186177618943007e-05 9.981504625615960080e-01
5.517492376129117199e-05 9.981204362125387641e-01
5.607234882852038467e-05 9.980899233329910691e-01
5.698437059469136365e-05 9.980589160700114038e-01
5.791122647641758420e-05 9.980274064449042859e-01
5.885315775191450485e-05 9.979953863512418533e-01
5.981040962380931695e-05 9.979628475528506959e-01
6.078323128297236501e-05 9.979297816817702671e-01
6.177187597338488134e-05 9.978961802361822064e-01
6.277660105806499695e-05 9.978620345783033585e-01
6.379766808606282991e-05 9.978273359322523683e-01
6.483534286054713498e-05 9.977920753818797506e-01
6.588989550799956058e-05 9.977562438685679824e-01
6.696160054853215278e-05 9.977198321889969579e-01
6.805073696735206717e-05 9.976828309928756910e-01
6.915758828738525219e-05 9.976452307806416009e-01
7.028244264308337646e-05 9.976070219011227147e-01
7.142559285543133394e-05 9.975681945491673419e-01
7.258733650817245705e-05 9.975287387632361114e-01
7.376797602527730984e-05 9.974886444229597027e-01
7.496781874966877322e-05 9.974479012466587191e-01
7.618717702322983626e-05 9.974064987888278111e-01
7.742636826811278249e-05 9.973644264375811641e-01
7.868571506936843291e-05 9.973216734120613491e-01
7.996554525892345903e-05 9.972782287598077611e-01
8.126619200091945365e-05 9.972340813540894189e-01
8.258799387844254533e-05 9.971892198911936900e-01
8.393129498166373591e-05 9.971436328876798205e-01
8.529644499741016815e-05 9.970973086775875016e-01
8.668379930019773523e-05 9.970502354096089093e-01
8.809371904473991286e-05 9.970024010442143370e-01
8.952657125996382206e-05 9.969537933507405247e-01
9.098272894455568119e-05 9.969043999044320259e-01
9.246257116405733111e-05 9.968542080834436048e-01
9.396648314954690162e-05 9.968032050657942289e-01
9.549485639791966557e-05 9.967513778262816482e-01
9.704808877380307014e-05 9.966987131333482353e-01
9.862658461312830713e-05 9.966451975459034163e-01
1.002307548283864352e-04 9.965908174101006933e-01
1.018610170155975281e-04 9.965355588560652622e-01
1.035177955630176228e-04 9.964794077945788864e-01
1.052015217616159118e-04 9.964223499137130347e-01
1.069126339173477141e-04 9.963643706754160556e-01
1.086515774652537295e-04 9.963054553120515022e-01
1.104188050854160164e-04 9.962455888228860523e-01
1.122147768207980290e-04 9.961847559705284683e-01
1.140399601970033122e-04 9.961229412773179304e-01
1.158948303439811801e-04 9.960601290216597459e-01
1.177798701197118084e-04 9.959963032343123190e-01
1.196955702359042841e-04 9.959314476946186101e-01
1.216424293857368039e-04 9.958655459266867460e-01
1.236209543736769146e-04 9.957985811955173405e-01
1.256316602474121533e-04 9.957305365030740818e-01
1.276750704319264313e-04 9.956613945843036939e-01
1.297517168657586742e-04 9.955911379030968344e-01
1.318621401394748458e-04 9.955197486481957014e-01
1.340068896363950598e-04 9.954472087290439086e-01
1.361865236756082756e-04 9.953734997715797395e-01
1.384016096573130147e-04 9.952986031139711143e-01
1.406527242105236439e-04 9.952224998022934921e-01
1.429404533431761061e-04 9.951451705861481534e-01
1.452653925946781202e-04 9.950665959142208639e-01
1.476281471909391145e-04 9.949867559297802533e-01
1.500293322019216613e-04 9.949056304661173522e-01
1.524695727017572945e-04 9.948231990419208470e-01
1.549495039314631646e-04 9.947394408565941593e-01
1.574697714643086743e-04 9.946543347855065775e-01
1.600310313738701764e-04 9.945678593751837715e-01
1.626339504048190531e-04 9.944799928384343568e-01
1.652792061464893926e-04 9.943907130494114011e-01
1.679674872092653225e-04 9.942999975386096478e-01
1.706994934038408014e-04 9.942078234877984588e-01
1.734759359233932583e-04 9.941141677248880315e-01
1.762975375287203833e-04 9.940190067187285594e-01
1.791650327363899435e-04 9.939223165738436672e-01
1.820791680099462359e-04 9.938240730250967880e-01
1.850407019542302061e-04 9.937242514322875975e-01
1.880504055128583358e-04 9.936228267746821663e-01
1.911090621689135881e-04 9.935197736454725037e-01
1.942174681489024571e-04 9.934150662461670445e-01
1.973764326300255292e-04 9.933086783809123022e-01
2.005867779508234102e-04 9.932005834507420250e-01
2.038493398252464264e-04 9.930907544477567406e-01
2.071649675602066755e-04 9.929791639492320243e-01
2.105345242766704040e-04 9.928657841116542704e-01
2.139588871343421563e-04 9.927505866646846311e-01
2.174389475600079977e-04 9.926335429050500148e-01
2.209756114795903147e-04 9.925146236903613639e-01
2.245697995539771826e-04 9.923937994328584367e-01
2.282224474186896198e-04 9.922710400930808694e-01
2.319345059274427543e-04 9.921463151734645214e-01
2.357069413996727843e-04 9.920195937118645446e-01
2.395407358720879286e-04 9.918908442750027366e-01
2.434368873543112913e-04 9.917600349518402858e-01
2.473964100886811538e-04 9.916271333468755778e-01
2.514203348142796828e-04 9.914921065733653949e-01
2.555097090352507149e-04 9.913549212464726201e-01
2.596655972934872546e-04 9.912155434763354478e-01
2.638890814457513006e-04 9.910739388610625422e-01
2.681812609453012686e-04 9.909300724796514803e-01
2.725432531281027707e-04 9.907839088848311437e-01
2.769761935036891046e-04 9.906354120958271725e-01
2.814812360507581339e-04 9.904845455910530339e-01
2.860595535175745148e-04 9.903312723007222651e-01
2.907123377272575549e-04 9.901755545993866647e-01
2.954407998880379709e-04 9.900173542983972119e-01
3.002461709085549389e-04 9.898566326382906011e-01
3.051297017182870593e-04 9.896933502810975058e-01
3.100926635931929671e-04 9.895274673025773460e-01
3.151363484866476195e-04 9.893589431843776705e-01
3.202620693657650080e-04 9.891877368061171572e-01
3.254711605531848163e-04 9.890138064373957816e-01
3.307649780744242331e-04 9.888371097297293799e-01
3.361449000108768324e-04 9.886576037084109370e-01
3.416123268585525207e-04 9.884752447642999318e-01
3.471686818926559680e-04 9.882899886455364102e-01
3.528154115380883050e-04 9.881017904491860016e-01
3.585539857459817017e-04 9.879106046128106611e-01
3.643858983763548090e-04 9.877163849059724665e-01
3.703126675869923340e-04 9.875190844216639174e-01
3.763358362286532656e-04 9.873186555676719545e-01
3.824569722466999088e-04 9.871150500578742548e-01
3.886776690892667719e-04 9.869082189034662500e-01
3.949995461220647160e-04 9.866981124041254159e-01
4.014242490499317709e-04 9.864846801391090603e-01
4.079534503452448896e-04 9.862678709582902714e-01
4.145888496832911426e-04 9.860476329731309164e-01
4.213321743847288901e-04 9.858239135475949100e-01
4.281851798652415507e-04 9.855966592890019751e-01
4.351496500925045312e-04 9.853658160388255594e-01
4.422273980505897289e-04 9.851313288634335752e-01
4.494202662119142376e-04 9.848931420447762930e-01
4.567301270168746923e-04 9.846511990710230533e-01
4.641588833612782196e-04 9.844054426271473535e-01
4.717084690917012373e-04 9.841558145854673034e-01
4.793808495089107069e-04 9.839022559961378978e-01
4.871780218794630885e-04 9.836447070776016544e-01
4.951020159556351191e-04 9.833831072069999513e-01
5.031548945038056761e-04 9.831173949105436183e-01
5.113387538414320560e-04 9.828475078538516652e-01
5.196557243827657369e-04 9.825733828322551489e-01
5.281079711934330654e-04 9.822949557610742843e-01
5.366976945540475642e-04 9.820121616658665786e-01
5.454271305329836403e-04 9.817249346726556469e-01
5.542985515684662997e-04 9.814332079981379353e-01
5.633142670601351629e-04 9.811369139398743444e-01
5.724766239702178735e-04 9.808359838664714170e-01
5.817880074344935256e-04 9.805303482077529775e-01
5.912508413831881436e-04 9.802199364449269980e-01
6.008675891719680948e-04 9.799046771007554613e-01
6.106407542232036075e-04 9.795844977297255562e-01
6.205728806776500623e-04 9.792593249082336415e-01
6.306665540567405869e-04 9.789290842247794222e-01
6.409244019356456464e-04 9.785937002701823317e-01
6.513490946272796050e-04 9.782530966278203399e-01
6.619433458774387925e-04 9.779071958638985151e-01
6.727099135712337041e-04 9.775559195177531135e-01
6.836516004510238267e-04 9.771991880921955254e-01
6.947712548460240100e-04 9.768369210439042938e-01
7.060717714137765624e-04 9.764690367738694254e-01
7.175560918936921447e-04 9.760954526178940993e-01
7.292272058728313045e-04 9.757160848371677631e-01
7.410881515641569396e-04 9.753308486089052876e-01
7.531420165974375561e-04 9.749396580170719417e-01
7.653919388230155619e-04 9.745424260431917451e-01
7.778411071286482192e-04 9.741390645572531870e-01
7.904927622696419996e-04 9.737294843087169749e-01
8.033501977124734390e-04 9.733135949176341395e-01
8.164167604921471590e-04 9.728913048658844875e-01
8.296958520834915238e-04 9.724625214885427305e-01
8.431909292866251451e-04 9.720271509653812814e-01
8.569055051268347108e-04 9.715850983125189355e-01
8.708431497690724121e-04 9.711362673742269802e-01
8.850074914473439122e-04 9.706805608148978415e-01
8.994022174092053228e-04 9.702178801111923656e-01
9.140310748756222403e-04 9.697481255443706205e-01
9.288978720164497516e-04 9.692711961928208719e-01
9.440064789417603299e-04 9.687869899247953942e-01
9.593608287093146345e-04 9.682954033913665493e-01
9.749649183484096178e-04 9.677963320196112385e-01
9.908228099003786767e-04 9.672896700060410469e-01
1.006938631476027041e-03 9.667753103102849632e-01
1.023316578330244831e-03 9.662531446490411069e-01
1.039960913954120214e-03 9.657230634903087862e-01
1.056875971184804974e-03 9.651849560479145440e-01
1.074066153333432362e-03 9.646387102763467336e-01
1.091535935331391146e-03 9.640842128659105059e-01
1.109289864895222780e-03 9.635213492382208589e-01
1.127332563710487130e-03 9.629500035420451853e-01
1.145668728634872567e-03 9.623700586495134157e-01
1.164303132920875691e-03 9.617813961527095223e-01
1.183240627458377906e-03 9.611838963606595954e-01
1.202486142037412220e-03 9.605774382967363634e-01
1.222044686631488684e-03 9.599618996964924822e-01
1.241921352701784659e-03 9.593371570059419096e-01
1.262121314522546191e-03 9.587030853803067965e-01
1.282649830528059809e-03 9.580595586832473254e-01
1.303512244681508938e-03 9.574064494865931474e-01
1.324713987866117399e-03 9.567436290705936264e-01
1.346260579298911089e-03 9.560709674247078738e-01
1.368157627967470612e-03 9.553883332489528923e-01
1.390410834090069709e-03 9.546955939558281479e-01
1.413025990599533653e-03 9.539926156728411044e-01
1.436008984651260603e-03 9.532792632456489335e-01
1.459365799155757639e-03 9.525554002418405997e-01
1.483102514336102819e-03 9.518208889553806396e-01
1.507225309310755452e-03 9.510755904117326187e-01
1.531740463702079740e-03 9.503193643736920215e-01
1.556654359271062099e-03 9.495520693479410079e-01
1.581973481578601405e-03 9.487735625923562344e-01
1.607704421673822109e-03 9.479837001240883909e-01
1.633853877809860388e-03 9.471823367284381012e-01
1.660428657187529473e-03 9.463693259685518333e-01
1.687435677727375672e-03 9.455445201959631341e-01
1.714881969870540998e-03 9.447077705620009480e-01
1.742774678408917253e-03 9.438589270300935530e-01
1.771121064345086834e-03 9.429978383889888738e-01
1.799928506782476562e-03 9.421243522669212611e-01
1.829204504846293749e-03 9.412383151467453857e-01
1.858956679635688372e-03 9.403395723820677787e-01
1.889192776207664374e-03 9.394279682143996668e-01
1.919920665593282836e-03 9.385033457913561916e-01
1.951148346846616304e-03 9.375655471859326573e-01
1.982883949127071596e-03 9.366144134168804536e-01
2.015135733815558595e-03 9.356497844702132971e-01
2.047912096665083313e-03 9.346714993218655509e-01
2.081221569986337061e-03 9.336793959615370397e-01
2.115072824868794756e-03 9.326733114177452322e-01
2.149474673437980470e-03 9.316530817841159884e-01
2.184436071149428466e-03 9.306185422469381852e-01
2.219966119119952484e-03 9.295695271140116400e-01
2.256074066496859074e-03 9.285058698448125369e-01
2.292769312865648810e-03 9.274274030820097714e-01
2.330061410696924844e-03 9.263339586843506446e-01
2.367960067833078681e-03 9.252253677609518778e-01
2.406475150015421893e-03 9.241014607070173748e-01
2.445616683452444227e-03 9.229620672410112636e-01
2.485394857429798314e-03 9.218070164433134206e-01
2.525820026962784671e-03 9.206361367963837861e-01
2.566902715491951956e-03 9.194492562264590108e-01
2.608653617622550599e-03 9.182462021468107416e-01
2.651083601908536293e-03 9.170268015025887509e-01
2.694203713681882304e-03 9.157908808172731119e-01
2.738025177927857611e-03 9.145382662407611774e-01
2.782559402207125665e-03 9.132687835991133429e-01
2.827817979625344216e-03 9.119822584459774673e-01
2.873812691851063313e-03 9.106785161157185948e-01
2.920555512182745027e-03 9.093573817782728552e-01
2.968058608665602276e-03 9.080186804957479652e-01
3.016334347259197381e-03 9.066622372807880970e-01
3.065395295056529829e-03 9.052878771567256511e-01
3.115254223555484914e-03 9.038954252195345873e-01
3.165924111983520629e-03 9.024847067016045221e-01
3.217418150676371654e-03 9.010555470373514675e-01
3.269749744511767954e-03 8.996077719306780907e-01
3.322932516398975026e-03 8.981412074242990373e-01
3.376980310825087803e-03 8.966556799709433090e-01
3.431907197459042706e-03 8.951510165064424651e-01
3.487727474814177487e-03 8.936270445247153082e-01
3.544455673970435625e-03 8.920835921546584890e-01
3.602106562357073553e-03 8.905204882389444743e-01
3.660695147596898513e-03 8.889375624147358712e-01
3.720236681413065759e-03 8.873346451963147752e-01
3.780746663599349276e-03 8.857115680596314711e-01
3.842240846055060884e-03 8.840681635287673812e-01
3.904735236885564006e-03 8.824042652643114826e-01
3.968246104569478003e-03 8.807197081536428662e-01
4.032789982193705006e-03 8.790143284031126658e-01
4.098383671757261509e-03 8.772879636321148089e-01
4.165044248545184992e-03 8.755404529690334892e-01
4.232789065573553354e-03 8.737716371490510392e-01
4.301635758106790719e-03 8.719813586137998840e-01
4.371602248248502090e-03 8.701694616128372584e-01
4.442706749606882902e-03 8.683357923069213724e-01
4.514967772036101654e-03 8.664801988730613802e-01
4.588404126454761513e-03 8.646025316113115089e-01
4.663034929742726313e-03 8.627026430532823698e-01
4.738879609717651029e-03 8.607803880723275958e-01
4.815957910192351227e-03 8.588356239953750526e-01
4.894289896114531989e-03 8.568682107163551054e-01
4.973895958790068052e-03 8.548780108111859732e-01
5.054796821191235093e-03 8.528648896542663227e-01
5.137013543351338918e-03 8.508287155364223642e-01
5.220567527846975073e-03 8.487693597842602689e-01
5.305480525369573805e-03 8.466866968808572924e-01
5.391774640387505396e-03 8.445806045877368717e-01
5.479472336900281099e-03 8.424509640680580835e-01
5.568596444286409188e-03 8.402976600109499650e-01
5.659170163246242738e-03 8.381205807569219735e-01
5.751217071841613696e-03 8.359196184242670968e-01
5.844761131633637551e-03 8.336946690363817858e-01
5.939826693920350481e-03 8.314456326499158889e-01
6.036438506075864248e-03 8.291724134836639948e-01
6.134621717992506419e-03 8.268749200481078088e-01
6.234401888627863660e-03 8.245530652755106438e-01
6.335804992658253774e-03 8.222067666504638828e-01
6.438857427240412407e-03 8.198359463407840497e-01
6.543586018883228855e-03 8.174405313286478014e-01
6.650018030431118291e-03 8.150204535418595908e-01
6.758181168161110294e-03 8.125756499851274350e-01
6.868103588995307790e-03 8.101060628712357659e-01
6.979813907830653176e-03 8.076116397519853551e-01
7.093341204987989659e-03 8.050923336487777471e-01
7.208715033782135163e-03 8.025481031827116363e-01
7.325965428215230023e-03 7.999789127040569658e-01
7.445122910795143496e-03 7.973847324209688558e-01
7.566218500481047653e-03 7.947655385273019180e-01
7.689283720758305352e-03 7.921213133293766306e-01
7.814350607844541483e-03 7.894520453715579977e-01
7.941451719029339953e-03 7.867577295604865073e-01
8.070620141149507584e-03 7.840383672878151744e-01
8.201889499202211220e-03 7.812939665512935727e-01
8.335293965098187693e-03 7.785245420740414257e-01
8.470868266557402340e-03 7.757301154218483319e-01
8.608647696149244674e-03 7.729107151183419733e-01
8.748668120479913615e-03 7.700663767578531660e-01
8.890965989529167612e-03 7.671971431158141064e-01
9.035578346138920316e-03 7.643030642565233901e-01
9.182542835656282154e-03 7.613841976381007237e-01
9.331897715733238757e-03 7.584406082144722339e-01
9.483681866285927423e-03 7.554723685342017436e-01
9.637934799615796230e-03 7.524795588360044807e-01
9.794696670695384952e-03 7.494622671407681347e-01
9.954008287621518916e-03 7.464205893399057379e-01
1.011591112223829761e-02 7.433546292798761668e-01
1.028044732093309765e-02 7.402644988426891892e-01
1.044765971560805175e-02 7.371503180222336304e-01
1.061759183482999074e-02 7.340122149962553522e-01
1.079028791516183604e-02 7.308503261938152917e-01
1.096579291267809828e-02 7.276647963580669121e-01
1.114415251466788215e-02 7.244557786041818659e-01
1.132541315152812630e-02 7.212234344722689983e-01
1.150962200885031171e-02 7.179679339751238176e-01
1.169682703970384603e-02 7.146894556406543364e-01
1.188707697711903315e-02 7.113881865488355105e-01
1.208042134677328981e-02 7.080643223630375127e-01
1.227691047988360359e-02 7.047180673555911712e-01
1.247659552630868418e-02 7.013496344274491312e-01
1.267952846786433996e-02 6.979592451218069593e-01
1.288576213185517981e-02 6.945471296315652854e-01
1.309535020482667685e-02 6.911135268004984233e-01
1.330834724654075991e-02 6.876586841180227783e-01
1.352480870417874063e-02 6.841828577074525741e-01
1.374479092677536630e-02 6.806863123076380973e-01
1.396835117988739702e-02 6.771693212478970825e-01
1.419554766050101606e-02 6.736321664161453171e-01
1.442643951218158804e-02 6.700751382201476369e-01
1.466108684046982941e-02 6.664985355418219237e-01
1.489955072852853710e-02 6.629026656845260490e-01
1.514189325304352018e-02 6.592878443132806909e-01
1.538817750038346324e-02 6.556543953878759545e-01
1.563846758302247716e-02 6.520026510888277116e-01
1.589282865622976271e-02 6.483329517361609007e-01
1.615132693503089703e-02 6.446456457009945851e-01
1.641402971144466372e-02 6.409410893099333206e-01
1.668100537200059227e-02 6.372196467422561739e-01
1.695232341554121433e-02 6.334816899199257056e-01
1.722805447131392151e-02 6.297275983904381258e-01
1.750827031735723363e-02 6.259577592025464821e-01
1.779304389918577242e-02 6.221725667749115063e-01
1.808244934877951612e-02 6.183724227577254151e-01
1.837656200388172387e-02 6.145577358873832718e-01
1.867545842761074090e-02 6.107289218342794035e-01
1.897921642839099643e-02 6.068864030438134716e-01
1.928791508020777715e-02 6.030306085707166641e-01
1.960163474319185847e-02 5.991619739067961525e-01
1.992045708453871189e-02 5.952809408022301518e-01
2.024446509976801645e-02 5.913879570805415931e-01
2.057374313432911578e-02 5.874834764473936266e-01
2.090837690555749986e-02 5.835679582933663845e-01
2.124845352498882720e-02 5.796418674908705437e-01
2.159406152103567761e-02 5.757056741853789905e-01
2.194529086203311427e-02 5.717598535811597715e-01
2.230223297965936227e-02 5.678048857216996259e-01
2.266498079273692942e-02 5.638412552650307052e-01
2.303362873142131284e-02 5.598694512541639856e-01
2.340827276178294308e-02 5.558899668828548579e-01
2.378901041078890916e-02 5.519032992569318230e-01
2.417594079169128191e-02 5.479099491514215492e-01
2.456916462982790261e-02 5.439104207637237565e-01
2.496878428884326609e-02 5.399052214630791768e-01
2.537490379733571555e-02 5.358948615365972667e-01
2.578762887593803732e-02 5.318798539321062391e-01
2.620706696483849837e-02 5.278607139980999730e-01
2.663332725174980681e-02 5.238379592210542501e-01
2.706652070033241375e-02 5.198121089604029743e-01
2.750676007908067419e-02 5.157836841814509299e-01
2.795415999067859397e-02 5.117532071865216192e-01
2.840883690183301086e-02 5.077212013446305017e-01
2.887090917359234551e-02 5.036881908199781765e-01
2.934049709215787172e-02 4.996547002995708753e-01
2.981772290019673449e-02 4.956212547202574759e-01
3.030271082866399512e-02 4.915883789954921812e-01
3.079558712914223437e-02 4.875565977421245090e-01
3.129648010670750546e-02 4.835264350075136330e-01
3.180552015332920035e-02 4.794984139972769954e-01
3.232283978181380718e-02 4.754730568039651217e-01
3.284857366030047299e-02 4.714508841369657866e-01
3.338285864731757591e-02 4.674324150539335143e-01
3.392583382740992082e-02 4.634181666940348499e-01
3.447764054734463873e-02 4.594086540133051622e-01
3.503842245290676033e-02 4.554043895223956473e-01
3.560832552629281805e-02 4.514058830269973566e-01
3.618749812411276717e-02 4.474136413712164750e-01
3.677609101601030800e-02 4.434281681841708012e-01
3.737425742391064371e-02 4.394499636300781553e-01
3.798215306190736579e-02 4.354795241620851298e-01
3.859993617679770977e-02 4.315173422800975822e-01
3.922776758927715157e-02 4.275639062928514589e-01
3.986581073580438422e-02 4.236197000844603155e-01
4.051423171114647281e-02 4.196852028856745132e-01
4.117319931161678853e-02 4.157608890500618104e-01
4.184288507901584575e-02 4.118472278353280669e-01
4.252346334528677579e-02 4.079446831899778414e-01
4.321511127789762208e-02 4.040537135455040674e-01
4.391800892596085804e-02 4.001747716142977085e-01
4.463233926710397093e-02 3.963083041934393203e-01
4.535828825510190843e-02 3.924547519745435475e-01
4.609604486828429437e-02 3.886145493598058276e-01
4.684580115873045181e-02 3.847881242843896876e-01
4.760775230226368254e-02 3.809758980452948585e-01
4.838209664925956915e-02 3.771782851368143952e-01
4.916903577628031069e-02 3.733956930926992102e-01
4.996877453854878942e-02 3.696285223351253868e-01
5.078152112327670442e-02 3.658771660305487061e-01
5.160748710385907462e-02 3.621420099525309300e-01
5.244688749495118874e-02 3.584234323515939624e-01
5.329994080844092930e-02 3.547218038321622857e-01
5.416686911033146562e-02 3.510374872366365806e-01
5.504789807854967854e-02 3.473708375366287293e-01
5.594325706169377826e-02 3.437222017313871225e-01
5.685317913873753209e-02 3.400919187534157673e-01
5.777790117970506983e-02 3.364803193812949123e-01
5.871766390733249713e-02 3.328877261596930315e-01
5.967271195973310183e-02 3.293144533265488505e-01
6.064329395408061402e-02 3.257608067474017099e-01
6.162966255132942134e-02 3.222270838568247475e-01
6.263207452198692182e-02 3.187135736069185432e-01
6.365079081295564600e-02 3.152205564228089951e-01
6.468607661546320331e-02 3.117483041650807030e-01
6.573820143409585259e-02 3.082970800990805227e-01
6.680743915695615265e-02 3.048671388710006980e-01
6.789406812696112403e-02 3.014587264906584685e-01
6.899837121430010822e-02 2.980720803208745107e-01
7.012063589007176689e-02 2.947074290733431301e-01
7.126115430111745752e-02 2.913649928108911213e-01
7.242022334607314815e-02 2.880449829559985075e-01
7.359814475265770428e-02 2.847476023054655303e-01
7.479522515621812861e-02 2.814730450510943838e-01
7.601177617955322263e-02 2.782214968062492466e-01
7.724811451403400253e-02 2.749931346381614961e-01
7.850456200204508628e-02 2.717881271058285031e-01
7.978144572076628638e-02 2.686066343033629011e-01
8.107909806731677937e-02 2.654488079086390062e-01
8.239785684528511123e-02 2.623147912370780710e-01
8.373806535266489770e-02 2.592047193004196615e-01
8.510007247122246266e-02 2.561187188703089590e-01
8.648423275731725868e-02 2.530569085465422807e-01
8.789090653419963373e-02 2.500193988298010650e-01
8.932045998580959156e-02 2.470062921987077054e-01
9.077326525210223374e-02 2.440176831910300381e-01
9.224970052592174063e-02 2.410536584888703371e-01
9.375015015145289621e-02 2.381142970076582377e-01
9.527500472427299916e-02 2.351996699887822784e-01
9.682466119303113905e-02 2.323098410956835891e-01
9.839952296278225985e-02 2.294448665132399756e-01
1.000000000000000056e-01 2.266047950502706743e-01
