1.000000000000000021e-08 9.999976798197685035e-01
1.016265089392995110e-08 9.999976420819185474e-01
1.032794731918952445e-08 9.999976037302620302e-01
1.049593230558226649e-08 9.999975647548154933e-01
1.066664958279538736e-08 9.999975251454327196e-01
1.084014359178330982e-08 9.999974848918034009e-01
1.101645949633656934e-08 9.999974439834482531e-01
1.119564319483879355e-08 9.999974024097184611e-01
1.137774133221490262e-08 9.999973601597919037e-01
1.156280131207375345e-08 9.999973172226701568e-01
1.175087130904807623e-08 9.999972735871760499e-01
1.194200028133532503e-08 9.999972292419504472e-01
1.213623798344241837e-08 9.999971841754501378e-01
1.233363497913774651e-08 9.999971383759430621e-01
1.253424265461399562e-08 9.999970918315075341e-01
1.273811323186478490e-08 9.999970445300268018e-01
1.294529978227915991e-08 9.999969964591878258e-01
1.315585624045705234e-08 9.999969476064770602e-01
1.336983741824945163e-08 9.999968979591776774e-01
1.358729901902709187e-08 9.999968475043654603e-01
1.380829765218092295e-08 9.999967962289064705e-01
1.403289084785873192e-08 9.999967441194527185e-01
1.426113707194129758e-08 9.999966911624399435e-01
1.449309574126215144e-08 9.999966373440821732e-01
1.472882723907501811e-08 9.999965826503699473e-01
1.496839293077255471e-08 9.999965270670657658e-01
1.521185517986104820e-08 9.999964705797005360e-01
1.545927736419478449e-08 9.999964131735697981e-01
1.571072389247448998e-08 9.999963548337299502e-01
1.596626022101425121e-08 9.999962955449941404e-01
1.622595287078086962e-08 9.999962352919293807e-01
1.648986944471064949e-08 9.999961740588501069e-01
1.675807864530768860e-08 9.999961118298172913e-01
1.703065029252842640e-08 9.999960485886316697e-01
1.730765534195724054e-08 9.999959843188306330e-01
1.758916590327732712e-08 9.999959190036838974e-01
1.787525525904235371e-08 9.999958526261895075e-01
1.816599788375328570e-08 9.999957851690679522e-01
1.846146946324545845e-08 9.999957166147596110e-01
1.876174691439119556e-08 9.999956469454190922e-01
1.906690840512251962e-08 9.999955761429104584e-01
1.937703337477988794e-08 9.999955041888030083e-01
1.969220255479173433e-08 9.999954310643661692e-01
2.001249798969034913e-08 9.999953567505646124e-01
2.033800305846979844e-08 9.999952812280538117e-01
2.066880249629081913e-08 9.999952044771742710e-01
2.100498241653915160e-08 9.999951264779470828e-01
2.134663033324245531e-08 9.999950472100677112e-01
2.169383518385182241e-08 9.999949666529023284e-01
2.204668735239407667e-08 9.999948847854804868e-01
2.240527869300018155e-08 9.999948015864915662e-01
2.276970255381679834e-08 9.999947170342780023e-01
2.314005380130653974e-08 9.999946311068295124e-01
2.351642884494350993e-08 9.999945437817786553e-01
2.389892566231047717e-08 9.999944550363935036e-01
2.428764382460450497e-08 9.999943648475732028e-01
2.468268452255692455e-08 9.999942731918399774e-01
2.508415059277541100e-08 9.999941800453353569e-01
2.549214654451425775e-08 9.999940853838125143e-01
2.590677858688006237e-08 9.999939891826296057e-01
2.632815465648019883e-08 9.999938914167449955e-01
2.675638444552045216e-08 9.999937920607091524e-01
2.719157943036018985e-08 9.999936910886586539e-01
2.763385290053172716e-08 9.999935884743095249e-01
2.808331998823169829e-08 9.999934841909505767e-01
2.854009769829237414e-08 9.999933782114357461e-01
2.900430493863991500e-08 9.999932705081776563e-01
2.947606255124858740e-08 9.999931610531400672e-01
2.995549334359816154e-08 9.999930498178311034e-01
3.044272212064299607e-08 9.999929367732954821e-01
3.093787571730136651e-08 9.999928218901064092e-01
3.144108303147264744e-08 9.999927051383590282e-01
3.195247505759213554e-08 9.999925864876618720e-01
3.247218492073131890e-08 9.999924659071294242e-01
3.300034791125282055e-08 9.999923433653735705e-01
3.353710152002928723e-08 9.999922188304961601e-01
3.408258547423452176e-08 9.999920922700791248e-01
3.463694177371734093e-08 9.999919636511789278e-01
3.520031472796682789e-08 9.999918329403144623e-01
3.577285099367869991e-08 9.999917001034610564e-01
3.635469961293318112e-08 9.999915651060405919e-01
3.694601205199302233e-08 9.999914279129124006e-01
3.754694224073336784e-08 9.999912884883641606e-01
3.815764661271252174e-08 9.999911467961032363e-01
3.877828414589453252e-08 9.999910027992460204e-01
3.940901640403447515e-08 9.999908564603094963e-01
4.005000757873611176e-08 9.999907077412011347e-01
4.070142453219439185e-08 9.999905566032082360e-01
4.136343684063277745e-08 9.999904030069892702e-01
4.203621683844717915e-08 9.999902469125625526e-01
4.271993966306776573e-08 9.999900882792958079e-01
4.341478330055092286e-08 9.999899270658965111e-01
4.412092863191190232e-08 9.999897632303998973e-01
4.483855948021190636e-08 9.999895967301595245e-01
4.556786265841068465e-08 9.999894275218345063e-01
4.630902801799736922e-08 9.999892555613797418e-01
4.706224849841281539e-08 9.999890808040332590e-01
4.782772017727485049e-08 9.999889032043055570e-01
4.860564232142138588e-08 9.999887227159670600e-01
4.939621743878325726e-08 9.999885392920364602e-01
5.019965133110078918e-08 9.999883528847679504e-01
5.101615314749833786e-08 9.999881634456400104e-01
5.184593543892912712e-08 9.999879709253410853e-01
5.268921421350676915e-08 9.999877752737582615e-01
5.354620899273612896e-08 9.999875764399632772e-01
5.441714286865887210e-08 9.999873743722000885e-01
5.530224256192900145e-08 9.999871690178699923e-01
5.620173848083188292e-08 9.999869603235201909e-01
5.711586478126434916e-08 9.999867482348271386e-01
5.804485942768983740e-08 9.999865326965846624e-01
5.898896425508493303e-08 9.999863136526888630e-01
5.994842503189409424e-08 9.999860910461224606e-01
6.092349152400711584e-08 9.999858648189421384e-01
6.191441755977847689e-08 9.999856349122613342e-01
6.292146109610350070e-08 9.999854012662361402e-01
6.394488428556936010e-08 9.999851638200492054e-01
6.498495354469888085e-08 9.999849225118945251e-01
6.604193962330305823e-08 9.999846772789603433e-01
6.711611767496286717e-08 9.999844280574137212e-01
6.820776732865692255e-08 9.999841747823836613e-01
6.931717276155400840e-08 9.999839173879442322e-01
7.044462277299036794e-08 9.999836558070969161e-01
7.159041085964888045e-08 9.999833899717539554e-01
7.275483529196231984e-08 9.999831198127199228e-01
7.393819919175873408e-08 9.999828452596748463e-01
7.514081061116961850e-08 9.999825662411544469e-01
7.636298261282241588e-08 9.999822826845322643e-01
7.760503335133571367e-08 9.999819945160011159e-01
7.886728615614155644e-08 9.999817016605531128e-01
8.015006961565413044e-08 9.999814040419610084e-01
8.145371766280737258e-08 9.999811015827573257e-01
8.277856966198471773e-08 9.999807942042150399e-01
8.412497049736118078e-08 9.999804818263269279e-01
8.549327066268384629e-08 9.999801643677843632e-01
8.688382635251192821e-08 9.999798417459566657e-01
8.829699955494083135e-08 9.999795138768696745e-01
8.973315814583520204e-08 9.999791806751827661e-01
9.119267598459297759e-08 9.999788420541682044e-01
9.267593301146883668e-08 9.999784979256874928e-01
9.418331534647960283e-08 9.999781482001690591e-01
9.571521538991856055e-08 9.999777927865842742e-01
9.727203192450536562e-08 9.999774315924248036e-01
9.885417021919572961e-08 9.999770645236769617e-01
1.004620421346813191e-07 9.999766914847995070e-01
1.020960662306047507e-07 9.999763123786966634e-01
1.037566678745184818e-07 9.999759271066933630e-01
1.054442793526168454e-07 9.999755355685107094e-01
1.071593399822671165e-07 9.999751376622388888e-01
1.089022962263730555e-07 9.999747332843103020e-01
1.106736018095974501e-07 9.999743223294734751e-01
1.124737178364750763e-07 9.999739046907657469e-01
1.143031129114478678e-07 9.999734802594842931e-01
1.161622632608501812e-07 9.999730489251594800e-01
1.180516528568805511e-07 9.999726105755243344e-01
1.199717735435885631e-07 9.999721650964871200e-01
1.219231251649109383e-07 9.999717123721001411e-01
1.239062156947915701e-07 9.999712522845303209e-01
1.259215613694151061e-07 9.999707847140291150e-01
1.279696868215941652e-07 9.999703095388995377e-01
1.300511252173409858e-07 9.999698266354669629e-01
1.321664183946603918e-07 9.999693358780445962e-01
1.343161170046015304e-07 9.999688371389024999e-01
1.365007806546013903e-07 9.999683302882335090e-01
1.387209780541621071e-07 9.999678151941190363e-01
1.409772871628967586e-07 9.999672917224968760e-01
1.432702953409829562e-07 9.999667597371232342e-01
1.456005995020648655e-07 9.999662190995399769e-01
1.479688062686396267e-07 9.999656696690371049e-01
1.503755321299738365e-07 9.999651113026162275e-01
1.528214036025870954e-07 9.999645438549549237e-01
1.553070573933458456e-07 9.999639671783661088e-01
1.578331405652116518e-07 9.999633811227628399e-01
1.604003107056819881e-07 9.999627855356163497e-01
1.630092360979741138e-07 9.999621802619185207e-01
1.656605958949915327e-07 9.999615651441406960e-01
1.683550802961200715e-07 9.999609400221923794e-01
1.710933907269013290e-07 9.999603047333806005e-01
1.738762400216250540e-07 9.999596591123665057e-01
1.767043526088946617e-07 9.999590029911230582e-01
1.795784647002096697e-07 9.999583361988911845e-01
1.824993244816150550e-07 9.999576585621351432e-01
1.854676923084697568e-07 9.999569699044974502e-01
1.884843409033795357e-07 9.999562700467536924e-01
1.915500555573527936e-07 9.999555588067645662e-01
1.946656343342263367e-07 9.999548359994302471e-01
1.978318882784162208e-07 9.999541014366407632e-01
2.010496416260497127e-07 9.999533549272271449e-01
2.043197320195270474e-07 9.999525962769133525e-01
2.076430107255774870e-07 9.999518252882636515e-01
2.110203428568596572e-07 9.999510417606327639e-01
2.144526075971665378e-07 9.999502454901131321e-01
2.179406984302953533e-07 9.999494362694811844e-01
2.214855233726359380e-07 9.999486138881455988e-01
2.250880052095461857e-07 9.999477781320896819e-01
2.287490817355704078e-07 9.999469287838181897e-01
2.324697059985645525e-07 9.999460656222992627e-01
2.362508465477945104e-07 9.999451884229081378e-01
2.400934876860651595e-07 9.999442969573670847e-01
2.439986297259550047e-07 9.999433909936877862e-01
2.479672892502159966e-07 9.999424702961101641e-01
2.520004993764089383e-07 9.999415346250412062e-01
2.560993100258456838e-07 9.999405837369925720e-01
2.602647881969004651e-07 9.999396173845178648e-01
2.644980182427720070e-07 9.999386353161471286e-01
2.688001021537607504e-07 9.999376372763232323e-01
2.731721598441373654e-07 9.999366230053333693e-01
2.776153294436797922e-07 9.999355922392431095e-01
2.821307675939470486e-07 9.999345447098277884e-01
2.867196497493769966e-07 9.999334801445012300e-01
2.913831704832788474e-07 9.999323982662468024e-01
2.961225437988031500e-07 9.999312987935444763e-01
3.009390034449724303e-07 9.999301814402975497e-01
3.058338032378431566e-07 9.999290459157587074e-01
3.108082173869063920e-07 9.999278919244537489e-01
3.158635408267819256e-07 9.999267191661059817e-01
3.210010895543168453e-07 9.999255273355572848e-01
3.262222009711673251e-07 9.999243161226889498e-01
3.315282342319423480e-07 9.999230852123415225e-01
3.369205705980267328e-07 9.999218342842318696e-01
3.424006137971425436e-07 9.999205630128714661e-01
3.479697903887687909e-07 9.999192710674805751e-01
3.536295501355046578e-07 9.999179581119026494e-01
3.593813663804625413e-07 9.999166238045175126e-01
3.652267364308175408e-07 9.999152677981519854e-01
3.711671819475767101e-07 9.999138897399895143e-01
3.772042493416993616e-07 9.999124892714794655e-01
3.833395101766605394e-07 9.999110660282432006e-01
3.895745615775500918e-07 9.999096196399794856e-01
3.959110266468458876e-07 9.999081497303684563e-01
4.023505548869293084e-07 9.999066559169736967e-01
4.088948226294864306e-07 9.999051378111434296e-01
4.155455334718879651e-07 9.999035950179090415e-01
4.223044187206672270e-07 9.999020271358822765e-01
4.291732378422157257e-07 9.999004337571518741e-01
4.361537789208005614e-07 9.998988144671767664e-01
4.432478591240400518e-07 9.998971688446787187e-01
4.504573251759462753e-07 9.998954964615334173e-01
4.577840538376616380e-07 9.998937968826578926e-01
4.652299523960189011e-07 9.998920696658998297e-01
4.727969591600390720e-07 9.998903143619202183e-01
4.804870439655133784e-07 9.998885305140784441e-01
4.883022086877884378e-07 9.998867176583131622e-01
4.962444877628913673e-07 9.998848753230217268e-01
5.043159487171359161e-07 9.998830030289377335e-01
5.125186927053332351e-07 9.998811002890066746e-01
5.208548550577665794e-07 9.998791666082600393e-01
5.293266058360566796e-07 9.998772014836856403e-01
5.379361503980697196e-07 9.998752044040983833e-01
5.466857299720180573e-07 9.998731748500064853e-01
5.555776222398877301e-07 9.998711122934769158e-01
5.646141419303672361e-07 9.998690161979991720e-01
5.737976414214139612e-07 9.998668860183451690e-01
5.831305113526218361e-07 9.998647212004275753e-01
5.926151812475552896e-07 9.998625211811572600e-01
6.022541201461927509e-07 9.998602853882956332e-01
6.120498372476702854e-07 9.998580132403075416e-01
6.220048825634717926e-07 9.998557041462092787e-01
6.321218475812448096e-07 9.998533575054161515e-01
6.424033659394190549e-07 9.998509727075857167e-01
6.528521141127847315e-07 9.998485491324609065e-01
6.634708121092350418e-07 9.998460861497072694e-01
6.742622241778349095e-07 9.998435831187509892e-01
6.852291595284057501e-07 9.998410393886120184e-01
6.963744730628222709e-07 9.998384542977356571e-01
7.077010661181889092e-07 9.998358271738203573e-01
7.192118872221193113e-07 9.998331573336441958e-01
7.309099328602918614e-07 9.998304440828871265e-01
7.427982482564911104e-07 9.998276867159510140e-01
7.548799281653431580e-07 9.998248845157770015e-01
7.671581176779302778e-07 9.998220367536592157e-01
7.796360130405236458e-07 9.998191426890562505e-01
7.923168624866261349e-07 9.998162015693988769e-01
8.052039670825469881e-07 9.998132126298951983e-01
8.183006815867389787e-07 9.998101750933325871e-01
8.316104153230961550e-07 9.998070881698756240e-01
8.451366330684722093e-07 9.998039510568619281e-01
8.588828559546258306e-07 9.998007629385942119e-01
8.728526623848370902e-07 9.997975229861290059e-01
8.870496889654402904e-07 9.997942303570608313e-01
9.014776314524917028e-07 9.997908841953057069e-01
9.161402457138521424e-07 9.997874836308779933e-01
9.310413487069085223e-07 9.997840277796659070e-01
9.461848194721991931e-07 9.997805157432018142e-01
9.615746001432095654e-07 9.997769466084299728e-01
9.772146969725724298e-07 9.997733194474699436e-01
9.931091813749800272e-07 9.997696333173765604e-01
1.009262190987048422e-06 9.997658872598955693e-01
1.025677930744420800e-06 9.997620803012157165e-01
1.042360673976401061e-06 9.997582114517162832e-01
1.059314763518370023e-06 9.997542797057116237e-01
1.076544612842315852e-06 9.997502840411898184e-01
1.094054707205743622e-06 9.997462234195489961e-01
1.111849604819269788e-06 9.997420967853289930e-01
1.129933938033221742e-06 9.997379030659366839e-01
1.148312414543511196e-06 9.997336411713704241e-01
1.166989818617147488e-06 9.997293099939359440e-01
1.185971012337670574e-06 9.997249084079619097e-01
1.205260936870841443e-06 9.997204352695076013e-01
1.224864613750930682e-06 9.997158894160671494e-01
1.244787146187906095e-06 9.997112696662691089e-01
1.265033720395903716e-06 9.997065748195712587e-01
1.285609606943296477e-06 9.997018036559491838e-01
1.306520162124719865e-06 9.996969549355827489e-01
1.327770829355428974e-06 9.996920273985339112e-01
1.349367140588306489e-06 9.996870197644215361e-01
1.371314717753945535e-06 9.996819307320915504e-01
1.393619274224143468e-06 9.996767589792791009e-01
1.416286616299197281e-06 9.996715031622680492e-01
1.439322644719406585e-06 9.996661619155441381e-01
1.462733356201129952e-06 9.996607338514411634e-01
1.486524844997857111e-06 9.996552175597831491e-01
1.510703304486655702e-06 9.996496116075210825e-01
1.535275028780421201e-06 9.996439145383612113e-01
1.560246414366371105e-06 9.996381248723906765e-01
1.585623961771137209e-06 9.996322411056945967e-01
1.611414277253019916e-06 9.996262617099682668e-01
1.637624074521688946e-06 9.996201851321230292e-01
1.664260176485901778e-06 9.996140097938844837e-01
1.691329517029650428e-06 9.996077340913875897e-01
1.718839142817145670e-06 9.996013563947601099e-01
1.746796215127245610e-06 9.995948750477042788e-01
1.775208011717636075e-06 9.995882883670699215e-01
1.804081928719380951e-06 9.995815946424189136e-01
1.833425482562292654e-06 9.995747921355850885e-01
1.863246311931559818e-06 9.995678790802269287e-01
1.893552179756295206e-06 9.995608536813718192e-01
1.924350975230332279e-06 9.995537141149531957e-01
1.955650715865946999e-06 9.995464585273410307e-01
1.987459549580985976e-06 9.995390850348651046e-01
2.019785756819878467e-06 9.995315917233285052e-01
2.052637752709252226e-06 9.995239766475162435e-01
2.086024089248504694e-06 9.995162378306938766e-01
2.119953457536069015e-06 9.995083732640981378e-01
2.154434690031886471e-06 9.995003809064212374e-01
2.189476762856620668e-06 9.994922586832848399e-01
2.225088798128369440e-06 9.994840044867072670e-01
2.261280066337279372e-06 9.994756161745601553e-01
2.298059988758848964e-06 9.994670915700190061e-01
2.335438139906481616e-06 9.994584284610026348e-01
2.373424250023866098e-06 9.994496245996050687e-01
2.412028207618006978e-06 9.994406777015181209e-01
2.451260062033339965e-06 9.994315854454437487e-01
2.491130026067785964e-06 9.994223454724988631e-01
2.531648478631357950e-06 9.994129553856087034e-01
2.572825967447932223e-06 9.994034127488918839e-01
2.614673211801092052e-06 9.993937150870347841e-01
2.657201105324506616e-06 9.993838598846569443e-01
2.700420718837769789e-06 9.993738445856649166e-01
2.744343303228368328e-06 9.993636665925978990e-01
2.788980292380439744e-06 9.993533232659598253e-01
2.834343306151309184e-06 9.993428119235437945e-01
2.880444153396297871e-06 9.993321298397451757e-01
2.927294835042813193e-06 9.993212742448618346e-01
2.974907547214443381e-06 9.993102423243853671e-01
3.023294684405776334e-06 9.992990312182797874e-01
3.072468842709003493e-06 9.992876380202503350e-01
3.122442823092858074e-06 9.992760597769978492e-01
3.173229634734973124e-06 9.992642934874647054e-01
3.224842498408445454e-06 9.992523361020658745e-01
3.277294849923382168e-06 9.992401845219095469e-01
3.330600343624588548e-06 9.992278355980042104e-01
3.384772855945982993e-06 9.992152861304546274e-01
3.439826489022921063e-06 9.992025328676434892e-01
3.495775574363278632e-06 9.991895725054008581e-01
3.552634676578139464e-06 9.991764016861602871e-01
3.610418597173337456e-06 9.991630169981026155e-01
3.669142378402493899e-06 9.991494149742834452e-01
3.728821307182830034e-06 9.991355920917502909e-01
3.789470919074671417e-06 9.991215447706428554e-01
3.851107002325569028e-06 9.991072693732812038e-01
3.913745601980383925e-06 9.990927622032382827e-01
3.977403024058036353e-06 9.990780195043974521e-01
4.042095839796302090e-06 9.990630374599973607e-01
4.107840889965650877e-06 9.990478121916585019e-01
4.174655289253134888e-06 9.990323397583974474e-01
4.242556430717776958e-06 9.990166161556228719e-01
4.311561990318228494e-06 9.990006373141190332e-01
4.381689931514185333e-06 9.989843990990087130e-01
4.452958509942660131e-06 9.989678973087052771e-01
4.525386278170166693e-06 9.989511276738426426e-01
4.598992090522438309e-06 9.989340858561934766e-01
4.673795107992463609e-06 9.989167674475665226e-01
4.749814803228495024e-06 9.988991679686890501e-01
4.827070965603187770e-06 9.988812828680703193e-01
4.905583706365045857e-06 9.988631075208485033e-01
4.985373463873893773e-06 9.988446372276178487e-01
5.066461008921268308e-06 9.988258672132394045e-01
5.148867450137487247e-06 9.988067926256318785e-01
5.232614239486667200e-06 9.987874085345432862e-01
5.317723177850966182e-06 9.987677099303050587e-01
5.404216420705915271e-06 9.987476917225639461e-01
5.492116483887788865e-06 9.987273487389979332e-01
5.581446249454954941e-06 9.987066757240080639e-01
5.672228971644549552e-06 9.986856673373926130e-01
5.764488282925873171e-06 9.986643181530001634e-01
5.858248200152535830e-06 9.986426226573600351e-01
5.953533130814370033e-06 9.986205752482938403e-01
6.050367879391212089e-06 9.985981702335036125e-01
6.148777653810029084e-06 9.985754018291388423e-01
6.248788072006888211e-06 9.985522641583415293e-01
6.350425168595962254e-06 9.985287512497672546e-01
6.453715401646702034e-06 9.985048570360851583e-01
6.558685659571422142e-06 9.984805753524536032e-01
6.665363268124920326e-06 9.984558999349724129e-01
6.773775997517744987e-06 9.984308244191109072e-01
6.883952069645496021e-06 9.984053423381128445e-01
6.995920165435374508e-06 9.983794471213753852e-01
7.109709432312424079e-06 9.983531320928030750e-01
7.225349491787221566e-06 9.983263904691381807e-01
7.342870447166757580e-06 9.982992153582634920e-01
7.462302891391107415e-06 9.982715997574793665e-01
7.583677914997190766e-06 9.982435365517549064e-01
7.707027114212287592e-06 9.982150185119523789e-01
7.832382599179204906e-06 9.981860382930232145e-01
7.959777002314978321e-06 9.981565884321781379e-01
8.089243486805938269e-06 9.981266613470280991e-01
8.220815755240541055e-06 9.980962493336962282e-01
8.354528058382854806e-06 9.980653445649032562e-01
8.490415204088755231e-06 9.980339390880208494e-01
8.628512566366886081e-06 9.980020248230984103e-01
8.768856094587426870e-06 9.979695935608564605e-01
8.911482322840200959e-06 9.979366369606521570e-01
9.056428379445293633e-06 9.979031465484133889e-01
9.203731996618229962e-06 9.978691137145402346e-01
9.353431520292377225e-06 9.978345297117767743e-01
9.505565920101190930e-06 9.977993856530482653e-01
9.660174799522645609e-06 9.977636725092683401e-01
9.817298406188840434e-06 9.977273811071104559e-01
9.976977642363212323e-06 9.976905021267479245e-01
1.013925407558814327e-05 9.976530260995584154e-01
1.030416994950587402e-05 9.976149434057959287e-01
1.047176819485520245e-05 9.975762442722243550e-01
1.064209244064724650e-05 9.975369187697201712e-01
1.081518702552289214e-05 9.974969568108353890e-01
1.099109700929496075e-05 9.974563481473261994e-01
1.116986818467822625e-05 9.974150823676435351e-01
1.135154708920999101e-05 9.973731488943878842e-01
1.153618101736478473e-05 9.973305369817246913e-01
1.172381803286599682e-05 9.972872357127618992e-01
1.191450698119774729e-05 9.972432339968890780e-01
1.210829750232039467e-05 9.971985205670765851e-01
1.230524004359261647e-05 9.971530839771352017e-01
1.250538587290391306e-05 9.971069125989350246e-01
1.270878709202059429e-05 9.970599946195842778e-01
1.291549665014882683e-05 9.970123180385651596e-01
1.312556835771842841e-05 9.969638706648290549e-01
1.333905690039058705e-05 9.969146401138490043e-01
1.355601785329368979e-05 9.968646138046283189e-01
1.377650769549055046e-05 9.968137789566665630e-01
1.400058382468096031e-05 9.967621225868805723e-01
1.422830457214351858e-05 9.967096315064819523e-01
1.445972921792019565e-05 9.966562923178069466e-01
1.469491800624817218e-05 9.966020914111041185e-01
1.493393216124253386e-05 9.965470149612714046e-01
1.517683390283403825e-05 9.964910489245502045e-01
1.542368646296627532e-05 9.964341790351689543e-01
1.567455410205594862e-05 9.963763908019405147e-01
1.592950212572123044e-05 9.963176695048097109e-01
1.618859690178199096e-05 9.962580001913520222e-01
1.645190587753660725e-05 9.961973676732227556e-01
1.671949759731991612e-05 9.961357565225560373e-01
1.699144172034626135e-05 9.960731510683112910e-01
1.726780903884356100e-05 9.960095353925692008e-01
1.754867149648151891e-05 9.959448933267771586e-01
1.783410220710006182e-05 9.958792084479383133e-01
1.812417547374239337e-05 9.958124640747493261e-01
1.841896680799710997e-05 9.957446432636857248e-01
1.871855294965579252e-05 9.956757288050293031e-01
1.902301188668945850e-05 9.956057032188427858e-01
1.933242287555043403e-05 9.955345487508879820e-01
1.964686646180448403e-05 9.954622473684880957e-01
1.996642450109793374e-05 9.953887807563315260e-01
2.029118018046678154e-05 9.953141303122204908e-01
2.062121803999144521e-05 9.952382771427595864e-01
2.095662399480430758e-05 9.951612020589866159e-01
2.129748535745523187e-05 9.950828855719436872e-01
2.164389086064020347e-05 9.950033078881884707e-01
2.199593068030074845e-05 9.949224489052447273e-01
2.235369645909796436e-05 9.948402882069928843e-01
2.271728133026902697e-05 9.947568050589965516e-01
2.308677994187171946e-05 9.946719784037694190e-01
2.346228848142262524e-05 9.945857868559772053e-01
2.384390470093720405e-05 9.944982086975782121e-01
2.423172794237600676e-05 9.944092218728969312e-01
2.462585916350544169e-05 9.943188039836365899e-01
2.502640096417921810e-05 9.942269322838234169e-01
2.543345761304648090e-05 9.941335836746876264e-01
2.584713507469563873e-05 9.940387346994762341e-01
2.626754103723838489e-05 9.939423615382007027e-01
2.669478494034318111e-05 9.938444400023161984e-01
2.712897800372469909e-05 9.937449455293323464e-01
2.757023325609582679e-05 9.936438531773582605e-01
2.801866556459195316e-05 9.935411376195760758e-01
2.847439166467247799e-05 9.934367731386454237e-01
2.893753019050947418e-05 9.933307336210394078e-01
2.940820170587066820e-05 9.932229925513090807e-01
2.988652873550382686e-05 9.931135230062774211e-01
3.037263579703311443e-05 9.930022976491611475e-01
3.086664943337274645e-05 9.928892887236234754e-01
3.136869824566873116e-05 9.927744680477507133e-01
3.187891292677648815e-05 9.926578070079601357e-01
3.239742629528195378e-05 9.925392765528322503e-01
3.292437333007768632e-05 9.924188471868710115e-01
3.345989120549975091e-05 9.922964889641899822e-01
3.400411932703702948e-05 9.921721714821244431e-01
3.455719936762143251e-05 9.920458638747692293e-01
3.511927530450727994e-05 9.919175348064419584e-01
3.569049345675229896e-05 9.917871524650705428e-01
3.627100252330647985e-05 9.916546845555078704e-01
3.686095362172154264e-05 9.915200982927668827e-01
3.746050032748996612e-05 9.913833603951850426e-01
3.806979871402284228e-05 9.912444370775090885e-01
3.868900739327975645e-05 9.911032940439051808e-01
3.931828755705769966e-05 9.909598964808937760e-01
3.995780301895265397e-05 9.908142090502070065e-01
4.060772025700369657e-05 9.906661958815710101e-01
4.126820845702951608e-05 9.905158205654107650e-01
4.193943955667186254e-05 9.903630461454803191e-01
4.262158829015324943e-05 9.902078351114146360e-01
4.331483223376393757e-05 9.900501493912081674e-01
4.401935185208879207e-05 9.898899503436143776e-01
4.473533054498463085e-05 9.897271987504723256e-01
4.546295469532399562e-05 9.895618548089559763e-01
4.620241371751313139e-05 9.893938781237475721e-01
4.695390010680053220e-05 9.892232276991388407e-01
4.771760948938750521e-05 9.890498619310538198e-01
4.849374067335233355e-05 9.888737385990002959e-01
4.928249570040513461e-05 9.886948148579467466e-01
5.008407989848212116e-05 9.885130472301241200e-01
5.089870193519674814e-05 9.883283915967573385e-01
5.172657387216024049e-05 9.881408031897240818e-01
5.256791122018419400e-05 9.879502365831409616e-01
5.342293299538352475e-05 9.877566456848797527e-01
5.429186177618943007e-05 9.875599837280145676e-01
5.517492376129117199e-05 9.873602032621983104e-01
5.607234882852038467e-05 9.871572561449730721e-01
5.698437059469136365e-05 9.869510935330112478e-01
5.791122647641758420e-05 9.867416658732933721e-01
5.885315775191450485e-05 9.865289228942182298e-01
5.981040962380931695e-05 9.863128135966523491e-01
6.078323128297236501e-05 9.860932862449162117e-01
6.177187597338488134e-05 9.858702883577082909e-01
6.277660105806499695e-05 9.856437666989722457e-01
6.379766808606282991e-05 9.854136672687054954e-01
6.483534286054713498e-05 9.851799352937123944e-01
6.588989550799956058e-05 9.849425152183015619e-01
6.696160054853215278e-05 9.847013506949340300e-01
6.805073696735206717e-05 9.844563845748187658e-01
6.915758828738525219e-05 9.842075588984612322e-01
7.028244264308337646e-05 9.839548148861664290e-01
7.142559285543133394e-05 9.836980929284977471e-01
7.258733650817245705e-05 9.834373325766951890e-01
7.376797602527730984e-05 9.831724725330555081e-01
7.496781874966877322e-05 9.829034506412762662e-01
7.618717702322983626e-05 9.826302038767674718e-01
7.742636826811278249e-05 9.823526683369330215e-01
7.868571506936843291e-05 9.820707792314254947e-01
7.996554525892345903e-05 9.817844708723774128e-01
8.126619200091945365e-05 9.814936766646137345e-01
8.258799387844254533e-05 9.811983290958454784e-01
8.393129498166373591e-05 9.808983597268527976e-01
8.529644499741016815e-05 9.805936991816578407e-01
8.668379930019773523e-05 9.802842771376929498e-01
8.809371904473991286e-05 9.799700223159697465e-01
8.952657125996382206e-05 9.796508624712489954e-01
9.098272894455568119e-05 9.793267243822210144e-01
9.246257116405733111e-05 9.789975338416995188e-01
9.396648314954690162e-05 9.786632156468307864e-01
9.549485639791966557e-05 9.783236935893282471e-01
9.704808877380307014e-05 9.779788904457348275e-01
9.862658461312830713e-05 9.776287279677184916e-01
1.002307548283864352e-04 9.772731268724086373e-01
1.018610170155975281e-04 9.769120068327760142e-01
1.035177955630176228e-04 9.765452864680673750e-01
1.052015217616159118e-04 9.761728833342941947e-01
1.069126339173477141e-04 9.757947139147900018e-01
1.086515774652537295e-04 9.754106936108364323e-01
1.104188050854160164e-04 9.750207367323689978e-01
1.122147768207980290e-04 9.746247564887675630e-01
1.140399601970033122e-04 9.742226649797428584e-01
1.158948303439811801e-04 9.738143731863204700e-01
1.177798701197118084e-04 9.733997909619370725e-01
1.196955702359042841e-04 9.729788270236525705e-01
1.216424293857368039e-04 9.725513889434898029e-01
1.236209543736769146e-04 9.721173831399080312e-01
1.256316602474121533e-04 9.716767148694208656e-01
1.276750704319264313e-04 9.712292882183688469e-01
1.297517168657586742e-04 9.707750060948548976e-01
1.318621401394748458e-04 9.703137702208528559e-01
1.340068896363950598e-04 9.698454811244995311e-01
1.361865236756082756e-04 9.693700381325827120e-01
1.384016096573130147e-04 9.688873393632335684e-01
1.406527242105236439e-04 9.683972817188352122e-01
1.429404533431761061e-04 9.678997608791602980e-01
1.452653925946781202e-04 9.673946712947490978e-01
1.476281471909391145e-04 9.668819061805391524e-01
1.500293322019216613e-04 9.663613575097604880e-01
1.524695727017572945e-04 9.658329160081094988e-01
1.549495039314631646e-04 9.652964711482117099e-01
1.574697714643086743e-04 9.647519111443938478e-01
1.600310313738701764e-04 9.641991229477697711e-01
1.626339504048190531e-04 9.636379922416635768e-01
1.652792061464893926e-04 9.630684034373788727e-01
1.679674872092653225e-04 9.624902396703319818e-01
1.706994934038408014e-04 9.619033827965628447e-01
1.734759359233932583e-04 9.613077133896414939e-01
1.762975375287203833e-04 9.607031107379840895e-01
1.791650327363899435e-04 9.600894528425970575e-01
1.820791680099462359e-04 9.594666164152645393e-01
1.850407019542302061e-04 9.588344768771986937e-01
1.880504055128583358e-04 9.581929083581672835e-01
1.911090621689135881e-04 9.575417836961218621e-01
1.942174681489024571e-04 9.568809744373376613e-01
1.973764326300255292e-04 9.562103508370926042e-01
2.005867779508234102e-04 9.555297818608976534e-01
2.038493398252464264e-04 9.548391351863023679e-01
2.071649675602066755e-04 9.541382772052933170e-01
2.105345242766704040e-04 9.534270730273081140e-01
2.139588871343421563e-04 9.527053864828837204e-01
2.174389475600079977e-04 9.519730801279622234e-01
2.209756114795903147e-04 9.512300152488725180e-01
2.245697995539771826e-04 9.504760518680148706e-01
2.282224474186896198e-04 9.497110487502654630e-01
2.319345059274427543e-04 9.489348634101267832e-01
2.357069413996727843e-04 9.481473521196471799e-01
2.395407358720879286e-04 9.473483699171293404e-01
2.434368873543112913e-04 9.465377706166570038e-01
2.473964100886811538e-04 9.457154068184586704e-01
2.514203348142796828e-04 9.448811299201356206e-01
2.555097090352507149e-04 9.440347901287799992e-01
2.596655972934872546e-04 9.431762364740032822e-01
2.638890814457513006e-04 9.423053168219069908e-01
2.681812609453012686e-04 9.414218778900145246e-01
2.725432531281027707e-04 9.405257652631950904e-01
2.769761935036891046e-04 9.396168234106039296e-01
2.814812360507581339e-04 9.386948957036647112e-01
2.860595535175745148e-04 9.377598244351208479e-01
2.907123377272575549e-04 9.368114508391827133e-01
2.954407998880379709e-04 9.358496151127986273e-01
3.002461709085549389e-04 9.348741564380749214e-01
3.051297017182870593e-04 9.338849130058723969e-01
3.100926635931929671e-04 9.328817220406085964e-01
3.151363484866476195e-04 9.318644198262909795e-01
3.202620693657650080e-04 9.308328417338085359e-01
3.254711605531848163e-04 9.297868222495112578e-01
3.307649780744242331e-04 9.287261950051028947e-01
3.361449000108768324e-04 9.276507928088747468e-01
3.416123268585525207e-04 9.265604476783086962e-01
3.471686818926559680e-04 9.254549908740759001e-01
3.528154115380883050e-04 9.243342529354581227e-01
3.585539857459817017e-04 9.231980637172200188e-01
3.643858983763548090e-04 9.220462524279554595e-01
3.703126675869923340e-04 9.208786476699403201e-01
3.763358362286532656e-04 9.196950774805096041e-01
3.824569722466999088e-04 9.184953693749943193e-01
3.886776690892667719e-04 9.172793503912339830e-01
3.949995461220647160e-04 9.160468471356962850e-01
4.014242490499317709e-04 9.147976858312262260e-01
4.079534503452448896e-04 9.135316923664449362e-01
4.145888496832911426e-04 9.122486923468308140e-01
4.213321743847288901e-04 9.109485111474932006e-01
4.281851798652415507e-04 9.096309739676702311e-01
4.351496500925045312e-04 9.082959058869678470e-01
4.422273980505897289e-04 9.069431319233597355e-01
4.494202662119142376e-04 9.055724770929687306e-01
4.567301270168746923e-04 9.041837664716491085e-01
4.641588833612782196e-04 9.027768252583826536e-01
4.717084690917012373e-04 9.013514788405109224e-01
4.793808495089107069e-04 8.999075528608118102e-01
4.871780218794630885e-04 8.984448732864422915e-01
4.951020159556351191e-04 8.969632664797504429e-01
5.031548945038056761e-04 8.954625592709755111e-01
5.113387538414320560e-04 8.939425790328423549e-01
5.196557243827657369e-04 8.924031537570561445e-01
5.281079711934330654e-04 8.908441121327098644e-01
5.366976945540475642e-04 8.892652836266012883e-01
5.454271305329836403e-04 8.876664985654698636e-01
5.542985515684662997e-04 8.860475882201482856e-01
5.633142670601351629e-04 8.844083848916316493e-01
5.724766239702178735e-04 8.827487219990610701e-01
5.817880074344935256e-04 8.810684341696127797e-01
5.912508413831881436e-04 8.793673573302911439e-01
6.008675891719680948e-04 8.776453288016096144e-01
6.106407542232036075e-04 8.759021873931533975e-01
6.205728806776500623e-04 8.741377735010055217e-01
6.306665540567405869e-04 8.723519292070205378e-01
6.409244019356456464e-04 8.705444983799256464e-01
6.513490946272796050e-04 8.687153267782273813e-01
6.619433458774387925e-04 8.668642621548978688e-01
6.727099135712337041e-04 8.649911543638136857e-01
6.836516004510238267e-04 8.630958554679151185e-01
6.947712548460240100e-04 8.611782198490509632e-01
7.060717714137765624e-04 8.592381043194741164e-01
7.175560918936921447e-04 8.572753682349437687e-01
7.292272058728313045e-04 8.552898736093953458e-01
7.410881515641569396e-04 8.532814852311245701e-01
7.531420165974375561e-04 8.512500707804423472e-01
7.653919388230155619e-04 8.491955009487385242e-01
7.778411071286482192e-04 8.471176495589054500e-01
7.904927622696419996e-04 8.450163936870512815e-01
8.033501977124734390e-04 8.428916137854467472e-01
8.164167604921471590e-04 8.407431938066288746e-01
8.296958520834915238e-04 8.385710213285955117e-01
8.431909292866251451e-04 8.363749876810112616e-01
8.569055051268347108e-04 8.341549880723433397e-01
8.708431497690724121e-04 8.319109217178503046e-01
8.850074914473439122e-04 8.296426919683269618e-01
8.994022174092053228e-04 8.273502064395200639e-01
9.140310748756222403e-04 8.250333771421173301e-01
9.288978720164497516e-04 8.226921206122085328e-01
9.440064789417603299e-04 8.203263580421206180e-01
9.593608287093146345e-04 8.179360154115120629e-01
9.749649183484096178e-04 8.155210236186215544e-01
9.908228099003786767e-04 8.130813186115535274e-01
1.006938631476027041e-03 8.106168415194793253e-01
1.023316578330244831e-03 8.081275387836390767e-01
1.039960913954120214e-03 8.056133622880075063e-01
1.056875971184804974e-03 8.030742694895022238e-01
1.074066153333432362e-03 8.005102235475975991e-01
1.091535935331391146e-03 7.979211934532054462e-01
1.109289864895222780e-03 7.953071541566876235e-01
1.127332563710487130e-03 7.926680866948507820e-01
1.145668728634872567e-03 7.900039783167802643e-01
1.164303132920875691e-03 7.873148226083620527e-01
1.183240627458377906e-03 7.846006196153395562e-01
1.202486142037412220e-03 7.818613759647521366e-01
1.222044686631488684e-03 7.790971049845941687e-01
1.241921352701784659e-03 7.763078268215352074e-01
1.262121314522546191e-03 7.734935685565393904e-01
1.282649830528059809e-03 7.706543643182194314e-01
1.303512244681508938e-03 7.677902553937573371e-01
1.324713987866117399e-03 7.649012903372243155e-01
1.346260579298911089e-03 7.619875250751302342e-01
1.368157627967470612e-03 7.590490230090335411e-01
1.390410834090069709e-03 7.560858551150348994e-01
1.413025990599533653e-03 7.530981000399916692e-01
1.436008984651260603e-03 7.500858441942697130e-01
1.459365799155757639e-03 7.470491818408689921e-01
1.483102514336102819e-03 7.439882151807444277e-01
1.507225309310755452e-03 7.409030544341531632e-01
1.531740463702079740e-03 7.377938179178588074e-01
1.556654359271062099e-03 7.346606321180171317e-01
1.581973481578601405e-03 7.315036317585813519e-01
1.607704421673822109e-03 7.283229598650546865e-01
1.633853877809860388e-03 7.251187678234296552e-01
1.660428657187529473e-03 7.218912154341523557e-01
1.687435677727375672e-03 7.186404709609489627e-01
1.714881969870540998e-03 7.153667111743619023e-01
1.742774678408917253e-03 7.120701213898421589e-01
1.771121064345086834e-03 7.087508955002478350e-01
1.799928506782476562e-03 7.054092360026108510e-01
1.829204504846293749e-03 7.020453540190234598e-01
1.858956679635688372e-03 6.986594693115156796e-01
1.889192776207664374e-03 6.952518102907953024e-01
1.919920665593282836e-03 6.918226140187218043e-01
1.951148346846616304e-03 6.883721262044049105e-01
1.982883949127071596e-03 6.849006011938085781e-01
2.015135733815558595e-03 6.814083019527623630e-01
2.047912096665083313e-03 6.778955000432806965e-01
2.081221569986337061e-03 6.743624755930990311e-01
2.115072824868794756e-03 6.708095172583532495e-01
2.149474673437980470e-03 6.672369221793159610e-01
2.184436071149428466e-03 6.636449959291365053e-01
2.219966119119952484e-03 6.600340524555219357e-01
2.256074066496859074e-03 6.564044140153107998e-01
2.292769312865648810e-03 6.527564111019090731e-01
2.330061410696924844e-03 6.490903823655499449e-01
2.367960067833078681e-03 6.454066745263640215e-01
2.406475150015421893e-03 6.417056422802522864e-01
2.445616683452444227e-03 6.379876481975562674e-01
2.485394857429798314e-03 6.342530626145480577e-01
2.525820026962784671e-03 6.305022635177496282e-01
2.566902715491951956e-03 6.267356364211232878e-01
2.608653617622550599e-03 6.229535742361734796e-01
2.651083601908536293e-03 6.191564771350134277e-01
2.694203713681882304e-03 6.153447524064620255e-01
2.738025177927857611e-03 6.115188143052511238e-01
2.782559402207125665e-03 6.076790838944226003e-01
2.827817979625344216e-03 6.038259888810203480e-01
2.873812691851063313e-03 5.999599634451822094e-01
2.920555512182745027e-03 5.960814480627514289e-01
2.968058608665602276e-03 5.921908893215436231e-01
3.016334347259197381e-03 5.882887397314023881e-01
3.065395295056529829e-03 5.843754575282008590e-01
3.115254223555484914e-03 5.804515064719513173e-01
3.165924111983520629e-03 5.765173556391900433e-01
3.217418150676371654e-03 5.725734792098307047e-01
3.269749744511767954e-03 5.686203562486638052e-01
3.322932516398975026e-03 5.646584704817159128e-01
3.376980310825087803e-03 5.606883100676737230e-01
3.431907197459042706e-03 5.567103673645916739e-01
3.487727474814177487e-03 5.527251386921173681e-01
3.544455673970435625e-03 5.487331240894621764e-01
3.602106562357073553e-03 5.447348270693689321e-01
3.660695147596898513e-03 5.407307543683226303e-01
3.720236681413065759e-03 5.367214156932641478e-01
3.780746663599349276e-03 5.327073234650756550e-01
3.842240846055060884e-03 5.286889925591006234e-01
3.904735236885564006e-03 5.246669400429807562e-01
3.968246104569478003e-03 5.206416849120901746e-01
4.032789982193705006e-03 5.166137478228478574e-01
4.098383671757261509e-03 5.125836508242084255e-01
4.165044248545184992e-03 5.085519170876127149e-01
4.232789065573553354e-03 5.045190706357012278e-01
4.301635758106790719e-03 5.004856360700888906e-01
4.371602248248502090e-03 4.964521382984960485e-01
4.442706749606882902e-03 4.924191022615463931e-01
4.514967772036101654e-03 4.883870526595243122e-01
4.588404126454761513e-03 4.843565136793983594e-01
4.663034929742726313e-03 4.803280087224151562e-01
4.738879609717651029e-03 4.763020601325563819e-01
4.815957910192351227e-03 4.722791889261689358e-01
4.894289896114531989e-03 4.682599145230539328e-01
4.973895958790068052e-03 4.642447544793149583e-01
5.054796821191235093e-03 4.602342242222562385e-01
5.137013543351338918e-03 4.562288367876121686e-01
5.220567527846975073e-03 4.522291025594002423e-01
5.305480525369573805e-03 4.482355290126641134e-01
5.391774640387505396e-03 4.442486204593855126e-01
5.479472336900281099e-03 4.402688777978313595e-01
5.568596444286409188e-03 4.362967982655898136e-01
5.659170163246242738e-03 4.323328751965592742e-01
5.751217071841613696e-03 4.283775977821234204e-01
5.844761131633637551e-03 4.244314508367596495e-01
5.939826693920350481e-03 4.204949145683078982e-01
6.036438506075864248e-03 4.165684643531188391e-01
6.134621717992506419e-03 4.126525705163017754e-01
6.234401888627863660e-03 4.087476981172667445e-01
6.335804992658253774e-03 4.048543067407619489e-01
6.438857427240412407e-03 4.009728502935887562e-01
6.543586018883228855e-03 3.971037768071675744e-01
6.650018030431118291e-03 3.932475282461249666e-01
6.758181168161110294e-03 3.894045403230485536e-01
6.868103588995307790e-03 3.855752423195591971e-01
6.979813907830653176e-03 3.817600569138318023e-01
7.093341204987989659e-03 3.779594000146853650e-01
7.208715033782135163e-03 3.741736806023600592e-01
7.325965428215230023e-03 3.704033005760729580e-01
7.445122910795143496e-03 3.666486546084494758e-01
7.566218500481047653e-03 3.629101300069060287e-01
7.689283720758305352e-03 3.591881065820506924e-01
7.814350607844541483e-03 3.554829565231641397e-01
7.941451719029339953e-03 3.517950442807991629e-01
8.070620141149507584e-03 3.481247264565398569e-01
8.201889499202211220e-03 3.444723516999423363e-01
8.335293965098187693e-03 3.408382606126731940e-01
8.470868266557402340e-03 3.372227856598448703e-01
8.608647696149244674e-03 3.336262510885495414e-01
8.748668120479913615e-03 3.300489728535657696e-01
8.890965989529167612e-03 3.264912585502178222e-01
9.035578346138920316e-03 3.229534073543503525e-01
9.182542835656282154e-03 3.194357099693698743e-01
9.331897715733238757e-03 3.159384485803075071e-01
9.483681866285927423e-03 3.124618968148281661e-01
9.637934799615796230e-03 3.090063197111246329e-01
9.794696670695384952e-03 3.055719736926118535e-01
9.954008287621518916e-03 3.021591065493329786e-01
1.011591112223829761e-02 2.987679574259894943e-01
1.028044732093309765e-02 2.953987568164814781e-01
1.044765971560805175e-02 2.920517265648591709e-01
1.061759183482999074e-02 2.887270798725644627e-01
1.079028791516183604e-02 2.854250213118408319e-01
1.096579291267809828e-02 2.821457468451885608e-01
1.114415251466788215e-02 2.788894438507243945e-01
1.132541315152812630e-02 2.756562911533145255e-01
1.150962200885031171e-02 2.724464590613330239e-01
1.169682703970384603e-02 2.692601094089002167e-01
1.188707697711903315e-02 2.660973956034515253e-01
1.208042134677328981e-02 2.629584626784771673e-01
1.227691047988360359e-02 2.598434473512782339e-01
1.247659552630868418e-02 2.567524780855760524e-01
1.267952846786433996e-02 2.536856751588106862e-01
1.288576213185517981e-02 2.506431507339658138e-01
1.309535020482667685e-02 2.476250089357463213e-01
1.330834724654075991e-02 2.446313459309435445e-01
1.352480870417874063e-02 2.416622500128165763e-01
1.374479092677536630e-02 2.387178016893146681e-01
1.396835117988739702e-02 2.357980737749755251e-01
1.419554766050101606e-02 2.329031314863183599e-01
1.442643951218158804e-02 2.300330325405652299e-01
1.466108684046982941e-02 2.271878272575162949e-01
1.489955072852853710e-02 2.243675586644054976e-01
1.514189325304352018e-02 2.215722626035714904e-01
1.538817750038346324e-02 2.188019678427659820e-01
1.563846758302247716e-02 2.160566961879371306e-01
1.589282865622976271e-02 2.133364625983185936e-01
1.615132693503089703e-02 2.106412753036581709e-01
1.641402971144466372e-02 2.079711359234270862e-01
1.668100537200059227e-02 2.053260395878420963e-01
1.695232341554121433e-02 2.027059750605478550e-01
1.722805447131392151e-02 2.001109248628002435e-01
1.750827031735723363e-02 1.975408653989971508e-01
1.779304389918577242e-02 1.949957670834092938e-01
1.808244934877951612e-02 1.924755944679590325e-01
1.837656200388172387e-02 1.899803063709057660e-01
1.867545842761074090e-02 1.875098560062962716e-01
1.897921642839099643e-02 1.850641911140403495e-01
1.928791508020777715e-02 1.826432540904817381e-01
1.960163474319185847e-02 1.802469821193277699e-01
1.992045708453871189e-02 1.778753073028151999e-01
2.024446509976801645e-02 1.755281567929866671e-01
2.057374313432911578e-02 1.732054529229571371e-01
2.090837690555749986e-02 1.709071133380587748e-01
2.124845352498882720e-02 1.686330511267458976e-01
2.159406152103567761e-02 1.663831749511564817e-01
2.194529086203311427e-02 1.641573891772246385e-01
2.230223297965936227e-02 1.619555940042415876e-01
2.266498079273692942e-02 1.597776855937734775e-01
2.303362873142131284e-02 1.576235561978377997e-01
2.340827276178294308e-02 1.554930942862532139e-01
2.378901041078890916e-02 1.533861846730776579e-01
2.417594079169128191e-02 1.513027086420516421e-01
2.456916462982790261e-02 1.492425440709738427e-01
2.496878428884326609e-02 1.472055655549309450e-01
2.537490379733571555e-02 1.451916445283151502e-01
2.578762887593803732e-02 1.432006493855630114e-01
2.620706696483849837e-02 1.412324456005534523e-01
2.663332725174980681e-02 1.392868958446049077e-01
2.706652070033241375e-02 1.373638601030208461e-01
2.750676007908067419e-02 1.354631957901269168e-01
2.795415999067859397e-02 1.335847578627553656e-01
2.840883690183301086e-02 1.317283989321313686e-01
2.887090917359234551e-02 1.298939693741181234e-01
2.934049709215787172e-02 1.280813174377869734e-01
2.981772290019673449e-02 1.262902893522718506e-01
3.030271082866399512e-02 1.245207294318807917e-01
3.079558712914223437e-02 1.227724801794337350e-01
3.129648010670750546e-02 1.210453823877998963e-01
3.180552015332920035e-02 1.193392752396145312e-01
3.232283978181380718e-02 1.176539964051511317e-01
3.284857366030047299e-02 1.159893821383333606e-01
3.338285864731757591e-02 1.143452673708716533e-01
3.392583382740992082e-02 1.127214858045102464e-01
3.447764054734463873e-02 1.111178700013774889e-01
3.503842245290676033e-02 1.095342514724274574e-01
3.560832552629281805e-02 1.079704607639704605e-01
3.618749812411276717e-02 1.064263275422875216e-01
3.677609101601030800e-02 1.049016806763264781e-01
3.737425742391064371e-02 1.033963483184835719e-01
3.798215306190736579e-02 1.019101579834682386e-01
3.859993617679770977e-02 1.004429366252589662e-01
3.922776758927715157e-02 9.899451071215471798e-02
3.986581073580438422e-02 9.756470629992887444e-02
4.051423171114647281e-02 9.615334910309748795e-02
4.117319931161678853e-02 9.476026456430890199e-02
4.184288507901584575e-02 9.338527792186952781e-02
4.252346334528677579e-02 9.202821427541829635e-02
4.321511127789762208e-02 9.068889864976370507e-02
4.391800892596085804e-02 8.936715605690186137e-02
4.463233926710397093e-02 8.806281155622891488e-02
4.535828825510190843e-02 8.677569031296901436e-02
4.609604486828429437e-02 8.550561765483549737e-02
4.684580115873045181e-02 8.425241912694465818e-02
4.760775230226368254e-02 8.301592054500551987e-02
4.838209664925956915e-02 8.179594804680379028e-02
4.916903577628031069e-02 8.059232814200484318e-02
4.996877453854878942e-02 7.940488776029822060e-02
5.078152112327670442e-02 7.823345429790615202e-02
5.160748710385907462e-02 7.707785566248291642e-02
5.244688749495118874e-02 7.593792031642671025e-02
5.329994080844092930e-02 7.481347731863151329e-02
5.416686911033146562e-02 7.370435636470362706e-02
5.504789807854967854e-02 7.261038782566857364e-02
5.594325706169377826e-02 7.153140278519644346e-02
5.685317913873753209e-02 7.046723307536957581e-02
5.777790117970506983e-02 6.941771131102153491e-02
5.871766390733249713e-02 6.838267092267374947e-02
5.967271195973310183e-02 6.736194618809618340e-02
6.064329395408061402e-02 6.635537226252140319e-02
6.162966255132942134e-02 6.536278520753675825e-02
6.263207452198692182e-02 6.438402201868412278e-02
6.365079081295564600e-02 6.341892065179392801e-02
6.468607661546320331e-02 6.246732004808016464e-02
6.573820143409585259e-02 6.152906015802589446e-02
6.680743915695615265e-02 6.060398196408382787e-02
6.789406812696112403e-02 5.969192750222114541e-02
6.899837121430010822e-02 5.879273988233497256e-02
7.012063589007176689e-02 5.790626330756508400e-02
7.126115430111745752e-02 5.703234309253191886e-02
7.242022334607314815e-02 5.617082568052467195e-02
7.359814475265770428e-02 5.532155865966723735e-02
7.479522515621812861e-02 5.448439077808767128e-02
7.601177617955322263e-02 5.365917195811659157e-02
7.724811451403400253e-02 5.284575330954177641e-02
7.850456200204508628e-02 5.204398714194208297e-02
7.978144572076628638e-02 5.125372697612749079e-02
8.107909806731677937e-02 5.047482755470957677e-02
8.239785684528511123e-02 4.970714485182622933e-02
8.373806535266489770e-02 4.895053608204636558e-02
8.510007247122246266e-02 4.820485970847654400e-02
8.648423275731725868e-02 4.746997545009432051e-02
8.789090653419963373e-02 4.674574428833096207e-02
8.932045998580959156e-02 4.603202847292658245e-02
9.077326525210223374e-02 4.532869152707929422e-02
9.224970052592174063e-02 4.463559825191221880e-02
9.375015015145289621e-02 4.395261473027778365e-02
9.527500472427299916e-02 4.327960832992232276e-02
9.682466119303113905e-02 4.261644770603125604e-02
9.839952296278225985e-02 4.196300280317500492e-02
1.000000000000000056e-01 4.131914485667721043e-02
