1.000000000000000021e-08 9.999910715082900303e-01
1.016265089392995110e-08 9.999909262868920123e-01
1.032794731918952445e-08 9.999907787034980622e-01
1.049593230558226649e-08 9.999906287196917987e-01
1.066664958279538736e-08 9.999904762964314520e-01
1.084014359178330982e-08 9.999903213940407598e-01
1.101645949633656934e-08 9.999901639721979762e-01
1.119564319483879355e-08 9.999900039899258797e-01
1.137774133221490262e-08 9.999898414055801155e-01
1.156280131207375345e-08 9.999896761768395370e-01
1.175087130904807623e-08 9.999895082606946595e-01
1.194200028133532503e-08 9.999893376134365575e-01
1.213623798344241837e-08 9.999891641906450968e-01
1.233363497913774651e-08 9.999889879471780540e-01
1.253424265461399562e-08 9.999888088371590156e-01
1.273811323186478490e-08 9.999886268139651646e-01
1.294529978227915991e-08 9.999884418302157352e-01
1.315585624045705234e-08 9.999882538377592445e-01
1.336983741824945163e-08 9.999880627876610584e-01
1.358729901902709187e-08 9.999878686301907349e-01
1.380829765218092295e-08 9.999876713148089236e-01
1.403289084785873192e-08 9.999874707901545978e-01
1.426113707194129758e-08 9.999872670040312883e-01
1.449309574126215144e-08 9.999870599033935381e-01
1.472882723907501811e-08 9.999868494343333580e-01
1.496839293077255471e-08 9.999866355420656827e-01
1.521185517986104820e-08 9.999864181709151589e-01
1.545927736419478449e-08 9.999861972643001584e-01
1.571072389247448998e-08 9.999859727647192331e-01
1.596626022101425121e-08 9.999857446137357941e-01
1.622595287078086962e-08 9.999855127519630127e-01
1.648986944471064949e-08 9.999852771190478329e-01
1.675807864530768860e-08 9.999850376536560947e-01
1.703065029252842640e-08 9.999847942934558809e-01
1.730765534195724054e-08 9.999845469751014182e-01
1.758916590327732712e-08 9.999842956342173128e-01
1.787525525904235371e-08 9.999840402053807864e-01
1.816599788375328570e-08 9.999837806221048009e-01
1.846146946324545845e-08 9.999835168168218491e-01
1.876174691439119556e-08 9.999832487208651921e-01
1.906690840512251962e-08 9.999829762644508735e-01
1.937703337477988794e-08 9.999826993766607330e-01
1.969220255479173433e-08 9.999824179854230888e-01
2.001249798969034913e-08 9.999821320174940853e-01
2.033800305846979844e-08 9.999818413984385979e-01
2.066880249629081913e-08 9.999815460526113586e-01
2.100498241653915160e-08 9.999812459031366396e-01
2.134663033324245531e-08 9.999809408718883796e-01
2.169383518385182241e-08 9.999806308794703114e-01
2.204668735239407667e-08 9.999803158451947560e-01
2.240527869300018155e-08 9.999799956870618622e-01
2.276970255381679834e-08 9.999796703217381788e-01
2.314005380130653974e-08 9.999793396645357824e-01
2.351642884494350993e-08 9.999790036293881856e-01
2.389892566231047717e-08 9.999786621288302424e-01
2.428764382460450497e-08 9.999783150739741666e-01
2.468268452255692455e-08 9.999779623744867729e-01
2.508415059277541100e-08 9.999776039385654958e-01
2.549214654451425775e-08 9.999772396729151858e-01
2.590677858688006237e-08 9.999768694827234627e-01
2.632815465648019883e-08 9.999764932716359578e-01
2.675638444552045216e-08 9.999761109417314442e-01
2.719157943036018985e-08 9.999757223934966355e-01
2.763385290053172716e-08 9.999753275257990959e-01
2.808331998823169829e-08 9.999749262358627044e-01
2.854009769829237414e-08 9.999745184192396774e-01
2.900430493863991500e-08 9.999741039697838119e-01
2.947606255124858740e-08 9.999736827796220640e-01
2.995549334359816154e-08 9.999732547391285697e-01
3.044272212064299607e-08 9.999728197368933369e-01
3.093787571730136651e-08 9.999723776596958214e-01
3.144108303147264744e-08 9.999719283924733970e-01
3.195247505759213554e-08 9.999714718182933781e-01
3.247218492073131890e-08 9.999710078183203787e-01
3.300034791125282055e-08 9.999705362717876689e-01
3.353710152002928723e-08 9.999700570559639790e-01
3.408258547423452176e-08 9.999695700461225245e-01
3.463694177371734093e-08 9.999690751155085877e-01
3.520031472796682789e-08 9.999685721353060996e-01
3.577285099367869991e-08 9.999680609746040005e-01
3.635469961293318112e-08 9.999675415003627110e-01
3.694601205199302233e-08 9.999670135773792712e-01
3.754694224073336784e-08 9.999664770682525905e-01
3.815764661271252174e-08 9.999659318333466995e-01
3.877828414589453252e-08 9.999653777307556668e-01
3.940901640403447515e-08 9.999648146162654072e-01
4.005000757873611176e-08 9.999642423433175997e-01
4.070142453219439185e-08 9.999636607629700524e-01
4.136343684063277745e-08 9.999630697238592880e-01
4.203621683844717915e-08 9.999624690721604647e-01
4.271993966306776573e-08 9.999618586515474083e-01
4.341478330055092286e-08 9.999612383031519780e-01
4.412092863191190232e-08 9.999606078655227659e-01
4.483855948021190636e-08 9.999599671745840190e-01
4.556786265841068465e-08 9.999593160635907862e-01
4.630902801799736922e-08 9.999586543630877289e-01
4.706224849841281539e-08 9.999579819008642678e-01
4.782772017727485049e-08 9.999572985019089533e-01
4.860564232142138588e-08 9.999566039883656110e-01
4.939621743878325726e-08 9.999558981794860468e-01
5.019965133110078918e-08 9.999551808915826401e-01
5.101615314749833786e-08 9.999544519379816032e-01
5.184593543892912712e-08 9.999537111289739100e-01
5.268921421350676915e-08 9.999529582717662235e-01
5.354620899273612896e-08 9.999521931704301592e-01
5.441714286865887210e-08 9.999514156258518804e-01
5.530224256192900145e-08 9.999506254356805846e-01
5.620173848083188292e-08 9.999498223942747677e-01
5.711586478126434916e-08 9.999490062926504885e-01
5.804485942768983740e-08 9.999481769184248581e-01
5.898896425508493303e-08 9.999473340557629708e-01
5.994842503189409424e-08 9.999464774853202842e-01
6.092349152400711584e-08 9.999456069841862194e-01
6.191441755977847689e-08 9.999447223258260964e-01
6.292146109610350070e-08 9.999438232800225146e-01
6.394488428556936010e-08 9.999429096128149563e-01
6.498495354469888085e-08 9.999419810864389468e-01
6.604193962330305823e-08 9.999410374592654360e-01
6.711611767496286717e-08 9.999400784857359614e-01
6.820776732865692255e-08 9.999391039163010308e-01
6.931717276155400840e-08 9.999381134973533980e-01
7.044462277299036794e-08 9.999371069711630033e-01
7.159041085964888045e-08 9.999360840758103608e-01
7.275483529196231984e-08 9.999350445451173908e-01
7.393819919175873408e-08 9.999339881085792525e-01
7.514081061116961850e-08 9.999329144912930678e-01
7.636298261282241588e-08 9.999318234138879768e-01
7.760503335133571367e-08 9.999307145924508644e-01
7.886728615614155644e-08 9.999295877384534181e-01
8.015006961565413044e-08 9.999284425586770775e-01
8.145371766280737258e-08 9.999272787551365393e-01
8.277856966198471773e-08 9.999260960250030417e-01
8.412497049736118078e-08 9.999248940605245384e-01
8.549327066268384629e-08 9.999236725489470956e-01
8.688382635251192821e-08 9.999224311724322911e-01
8.829699955494083135e-08 9.999211696079751688e-01
8.973315814583520204e-08 9.999198875273208609e-01
9.119267598459297759e-08 9.999185845968785458e-01
9.267593301146883668e-08 9.999172604776347395e-01
9.418331534647960283e-08 9.999159148250660323e-01
9.571521538991856055e-08 9.999145472890488273e-01
9.727203192450536562e-08 9.999131575137683026e-01
9.885417021919572961e-08 9.999117451376268173e-01
1.004620421346813191e-07 9.999103097931488771e-01
1.020960662306047507e-07 9.999088511068863205e-01
1.037566678745184818e-07 9.999073686993218413e-01
1.054442793526168454e-07 9.999058621847691786e-01
1.071593399822671165e-07 9.999043311712734194e-01
1.089022962263730555e-07 9.999027752605098573e-01
1.106736018095974501e-07 9.999011940476795202e-01
1.124737178364750763e-07 9.998995871214046982e-01
1.143031129114478678e-07 9.998979540636220298e-01
1.161622632608501812e-07 9.998962944494736993e-01
1.180516528568805511e-07 9.998946078471973031e-01
1.199717735435885631e-07 9.998928938180133841e-01
1.219231251649109383e-07 9.998911519160122996e-01
1.239062156947915701e-07 9.998893816880370933e-01
1.259215613694151061e-07 9.998875826735676986e-01
1.279696868215941652e-07 9.998857544045995915e-01
1.300511252173409858e-07 9.998838964055231093e-01
1.321664183946603918e-07 9.998820081929998826e-01
1.343161170046015304e-07 9.998800892758378245e-01
1.365007806546013903e-07 9.998781391548624553e-01
1.387209780541621071e-07 9.998761573227885613e-01
1.409772871628967586e-07 9.998741432640878557e-01
1.432702953409829562e-07 9.998720964548550860e-01
1.456005995020648655e-07 9.998700163626725868e-01
1.479688062686396267e-07 9.998679024464719456e-01
1.503755321299738365e-07 9.998657541563931161e-01
1.528214036025870954e-07 9.998635709336418653e-01
1.553070573933458456e-07 9.998613522103455553e-01
1.578331405652116518e-07 9.998590974094044848e-01
1.604003107056819881e-07 9.998568059443440070e-01
1.630092360979741138e-07 9.998544772191600982e-01
1.656605958949915327e-07 9.998521106281665904e-01
1.683550802961200715e-07 9.998497055558367430e-01
1.710933907269013290e-07 9.998472613766445916e-01
1.738762400216250540e-07 9.998447774549025224e-01
1.767043526088946617e-07 9.998422531445957384e-01
1.795784647002096697e-07 9.998396877892147261e-01
1.824993244816150550e-07 9.998370807215862799e-01
1.854676923084697568e-07 9.998344312636989750e-01
1.884843409033795357e-07 9.998317387265284184e-01
1.915500555573527936e-07 9.998290024098577256e-01
1.946656343342263367e-07 9.998262216020962212e-01
1.978318882784162208e-07 9.998233955800959194e-01
2.010496416260497127e-07 9.998205236089624526e-01
2.043197320195270474e-07 9.998176049418658895e-01
2.076430107255774870e-07 9.998146388198464463e-01
2.110203428568596572e-07 9.998116244716175327e-01
2.144526075971665378e-07 9.998085611133672446e-01
2.179406984302953533e-07 9.998054479485533053e-01
2.214855233726359380e-07 9.998022841676981187e-01
2.250880052095461857e-07 9.997990689481787152e-01
2.287490817355704078e-07 9.997958014540128113e-01
2.324697059985645525e-07 9.997924808356434268e-01
2.362508465477945104e-07 9.997891062297179499e-01
2.400934876860651595e-07 9.997856767588646498e-01
2.439986297259550047e-07 9.997821915314659691e-01
2.479672892502159966e-07 9.997786496414270418e-01
2.520004993764089383e-07 9.997750501679407709e-01
2.560993100258456838e-07 9.997713921752503508e-01
2.602647881969004651e-07 9.997676747124062402e-01
2.644980182427720070e-07 9.997638968130199144e-01
2.688001021537607504e-07 9.997600574950145091e-01
2.731721598441373654e-07 9.997561557603691362e-01
2.776153294436797922e-07 9.997521905948625331e-01
2.821307675939470486e-07 9.997481609678083858e-01
2.867196497493769966e-07 9.997440658317908735e-01
2.913831704832788474e-07 9.997399041223913319e-01
2.961225437988031500e-07 9.997356747579144720e-01
3.009390034449724303e-07 9.997313766391086043e-01
3.058338032378431566e-07 9.997270086488796448e-01
3.108082173869063920e-07 9.997225696520045668e-01
3.158635408267819256e-07 9.997180584948350823e-01
3.210010895543168453e-07 9.997134740050018786e-01
3.262222009711673251e-07 9.997088149911100841e-01
3.315282342319423480e-07 9.997040802424309591e-01
3.369205705980267328e-07 9.996992685285900349e-01
3.424006137971425436e-07 9.996943785992481457e-01
3.479697903887687909e-07 9.996894091837790208e-01
3.536295501355046578e-07 9.996843589909397698e-01
3.593813663804625413e-07 9.996792267085388151e-01
3.652267364308175408e-07 9.996740110030951643e-01
3.711671819475767101e-07 9.996687105194956846e-01
3.772042493416993616e-07 9.996633238806439392e-01
3.833395101766605394e-07 9.996578496871041386e-01
3.895745615775500918e-07 9.996522865167413174e-01
3.959110266468458876e-07 9.996466329243526294e-01
4.023505548869293084e-07 9.996408874412948675e-01
4.088948226294864306e-07 9.996350485751058779e-01
4.155455334718879651e-07 9.996291148091184242e-01
4.223044187206672270e-07 9.996230846020691674e-01
4.291732378422157257e-07 9.996169563877009834e-01
4.361537789208005614e-07 9.996107285743595083e-01
4.432478591240400518e-07 9.996043995445812458e-01
4.504573251759462753e-07 9.995979676546776771e-01
4.577840538376616380e-07 9.995914312343109343e-01
4.652299523960189011e-07 9.995847885860628113e-01
4.727969591600390720e-07 9.995780379849977804e-01
4.804870439655133784e-07 9.995711776782181257e-01
4.883022086877884378e-07 9.995642058844119715e-01
4.962444877628913673e-07 9.995571207933948710e-01
5.043159487171359161e-07 9.995499205656426245e-01
5.125186927053332351e-07 9.995426033318187686e-01
5.208548550577665794e-07 9.995351671922917403e-01
5.293266058360566796e-07 9.995276102166470444e-01
5.379361503980697196e-07 9.995199304431886533e-01
5.466857299720180573e-07 9.995121258784359641e-01
5.555776222398877301e-07 9.995041944966096548e-01
5.646141419303672361e-07 9.994961342391105452e-01
5.737976414214139612e-07 9.994879430139905763e-01
5.831305113526218361e-07 9.994796186954139072e-01
5.926151812475552896e-07 9.994711591231112413e-01
6.022541201461927509e-07 9.994625621018236039e-01
6.120498372476702854e-07 9.994538254007384603e-01
6.220048825634717926e-07 9.994449467529162856e-01
6.321218475812448096e-07 9.994359238547088076e-01
6.424033659394190549e-07 9.994267543651660368e-01
6.528521141127847315e-07 9.994174359054357470e-01
6.634708121092350418e-07 9.994079660581525193e-01
6.742622241778349095e-07 9.993983423668180155e-01
6.852291595284057501e-07 9.993885623351684844e-01
6.963744730628222709e-07 9.993786234265367163e-01
7.077010661181889092e-07 9.993685230631992322e-01
7.192118872221193113e-07 9.993582586257169220e-01
7.309099328602918614e-07 9.993478274522614724e-01
7.427982482564911104e-07 9.993372268379351331e-01
7.548799281653431580e-07 9.993264540340760504e-01
7.671581176779302778e-07 9.993155062475542749e-01
7.796360130405236458e-07 9.993043806400569995e-01
7.923168624866261349e-07 9.992930743273609195e-01
8.052039670825469881e-07 9.992815843785943786e-01
8.183006815867389787e-07 9.992699078154870795e-01
8.316104153230961550e-07 9.992580416116075837e-01
8.451366330684722093e-07 9.992459826915899290e-01
8.588828559546258306e-07 9.992337279303473707e-01
8.728526623848370902e-07 9.992212741522719099e-01
8.870496889654402904e-07 9.992086181304249415e-01
9.014776314524917028e-07 9.991957565857104706e-01
9.161402457138521424e-07 9.991826861860397813e-01
9.310413487069085223e-07 9.991694035454788958e-01
9.461848194721991931e-07 9.991559052233854876e-01
9.615746001432095654e-07 9.991421877235300286e-01
9.772146969725724298e-07 9.991282474932047242e-01
9.931091813749800272e-07 9.991140809223169050e-01
1.009262190987048422e-06 9.990996843424696516e-01
1.025677930744420800e-06 9.990850540260257651e-01
1.042360673976401061e-06 9.990701861851593035e-01
1.059314763518370023e-06 9.990550769708900214e-01
1.076544612842315852e-06 9.990397224721045966e-01
1.094054707205743622e-06 9.990241187145608714e-01
1.111849604819269788e-06 9.990082616598771059e-01
1.129933938033221742e-06 9.989921472045044659e-01
1.148312414543511196e-06 9.989757711786850791e-01
1.166989818617147488e-06 9.989591293453922161e-01
1.185971012337670574e-06 9.989422173992535958e-01
1.205260936870841443e-06 9.989250309654597038e-01
1.224864613750930682e-06 9.989075655986517921e-01
1.244787146187906095e-06 9.988898167817965579e-01
1.265033720395903716e-06 9.988717799250383944e-01
1.285609606943296477e-06 9.988534503645383200e-01
1.306520162124719865e-06 9.988348233612911464e-01
1.327770829355428974e-06 9.988158940999263269e-01
1.349367140588306489e-06 9.987966576874883762e-01
1.371314717753945535e-06 9.987771091521998601e-01
1.393619274224143468e-06 9.987572434422036238e-01
1.416286616299197281e-06 9.987370554242862575e-01
1.439322644719406585e-06 9.987165398825814666e-01
1.462733356201129952e-06 9.986956915172530147e-01
1.486524844997857111e-06 9.986745049431572374e-01
1.510703304486655702e-06 9.986529746884845737e-01
1.535275028780421201e-06 9.986310951933802249e-01
1.560246414366371105e-06 9.986088608085437190e-01
1.585623961771137209e-06 9.985862657938052722e-01
1.611414277253019916e-06 9.985633043166812772e-01
1.637624074521688946e-06 9.985399704509084762e-01
1.664260176485901778e-06 9.985162581749515986e-01
1.691329517029650428e-06 9.984921613704922372e-01
1.718839142817145670e-06 9.984676738208920765e-01
1.746796215127245610e-06 9.984427892096318091e-01
1.775208011717636075e-06 9.984175011187277349e-01
1.804081928719380951e-06 9.983918030271223820e-01
1.833425482562292654e-06 9.983656883090521461e-01
1.863246311931559818e-06 9.983391502323862854e-01
1.893552179756295206e-06 9.983121819569448219e-01
1.924350975230332279e-06 9.982847765327871326e-01
1.955650715865946999e-06 9.982569268984757827e-01
1.987459549580985976e-06 9.982286258793134914e-01
2.019785756819878467e-06 9.981998661855526755e-01
2.052637752709252226e-06 9.981706404105777919e-01
2.086024089248504694e-06 9.981409410290610351e-01
2.119953457536069015e-06 9.981107603950860607e-01
2.154434690031886471e-06 9.980800907402491706e-01
2.189476762856620668e-06 9.980489241717249715e-01
2.225088798128369440e-06 9.980172526703076086e-01
2.261280066337279372e-06 9.979850680884191361e-01
2.298059988758848964e-06 9.979523621480892448e-01
2.335438139906481616e-06 9.979191264389040139e-01
2.373424250023866098e-06 9.978853524159216892e-01
2.412028207618006978e-06 9.978510313975611501e-01
2.451260062033339965e-06 9.978161545634526286e-01
2.491130026067785964e-06 9.977807129522620055e-01
2.531648478631357950e-06 9.977446974594770257e-01
2.572825967447932223e-06 9.977080988351639812e-01
2.614673211801092052e-06 9.976709076816887567e-01
2.657201105324506616e-06 9.976331144514030136e-01
2.700420718837769789e-06 9.975947094442978447e-01
2.744343303228368328e-06 9.975556828056205694e-01
2.788980292380439744e-06 9.975160245234557799e-01
2.834343306151309184e-06 9.974757244262713041e-01
2.880444153396297871e-06 9.974347721804273093e-01
2.927294835042813193e-06 9.973931572876472140e-01
2.974907547214443381e-06 9.973508690824516298e-01
3.023294684405776334e-06 9.973078967295549990e-01
3.072468842709003493e-06 9.972642292212227089e-01
3.122442823092858074e-06 9.972198553745891259e-01
3.173229634734973124e-06 9.971747638289358839e-01
3.224842498408445454e-06 9.971289430429304268e-01
3.277294849923382168e-06 9.970823812918241380e-01
3.330600343624588548e-06 9.970350666646080606e-01
3.384772855945982993e-06 9.969869870611286489e-01
3.439826489022921063e-06 9.969381301891592218e-01
3.495775574363278632e-06 9.968884835614303386e-01
3.552634676578139464e-06 9.968380344926157655e-01
3.610418597173337456e-06 9.967867700962750321e-01
3.669142378402493899e-06 9.967346772817520240e-01
3.728821307182830034e-06 9.966817427510267224e-01
3.789470919074671417e-06 9.966279529955236471e-01
3.851107002325569028e-06 9.965732942928733351e-01
3.913745601980383925e-06 9.965177527036257477e-01
3.977403024058036353e-06 9.964613140679190462e-01
4.042095839796302090e-06 9.964039640020987409e-01
4.107840889965650877e-06 9.963456878952883233e-01
4.174655289253134888e-06 9.962864709059118251e-01
4.242556430717776958e-06 9.962262979581673061e-01
4.311561990318228494e-06 9.961651537384480504e-01
4.381689931514185333e-06 9.961030226917150232e-01
4.452958509942660131e-06 9.960398890178177034e-01
4.525386278170166693e-06 9.959757366677618462e-01
4.598992090522438309e-06 9.959105493399267317e-01
4.673795107992463609e-06 9.958443104762267906e-01
4.749814803228495024e-06 9.957770032582228259e-01
4.827070965603187770e-06 9.957086106031753925e-01
4.905583706365045857e-06 9.956391151600457734e-01
4.985373463873893773e-06 9.955684993054410015e-01
5.066461008921268308e-06 9.954967451395023703e-01
5.148867450137487247e-06 9.954238344817374351e-01
5.232614239486667200e-06 9.953497488667948367e-01
5.317723177850966182e-06 9.952744695401810615e-01
5.404216420705915271e-06 9.951979774539198020e-01
5.492116483887788865e-06 9.951202532621503671e-01
5.581446249454954941e-06 9.950412773166678049e-01
5.672228971644549552e-06 9.949610296624031847e-01
5.764488282925873171e-06 9.948794900328414847e-01
5.858248200152535830e-06 9.947966378453790837e-01
5.953533130814370033e-06 9.947124521966195232e-01
6.050367879391212089e-06 9.946269118576059887e-01
6.148777653810029084e-06 9.945399952689909506e-01
6.248788072006888211e-06 9.944516805361416356e-01
6.350425168595962254e-06 9.943619454241824362e-01
6.453715401646702034e-06 9.942707673529705970e-01
6.558685659571422142e-06 9.941781233920081728e-01
6.665363268124920326e-06 9.940839902552870422e-01
6.773775997517744987e-06 9.939883442960668614e-01
6.883952069645496021e-06 9.938911615015881829e-01
6.995920165435374508e-06 9.937924174877150740e-01
7.109709432312424079e-06 9.936920874935117887e-01
7.225349491787221566e-06 9.935901463757493834e-01
7.342870447166757580e-06 9.934865686033440557e-01
7.462302891391107415e-06 9.933813282517260923e-01
7.583677914997190766e-06 9.932743989971369869e-01
7.707027114212287592e-06 9.931657541108575016e-01
7.832382599179204906e-06 9.930553664533653402e-01
7.959777002314978321e-06 9.929432084684179927e-01
8.089243486805938269e-06 9.928292521770680779e-01
8.220815755240541055e-06 9.927134691716023029e-01
8.354528058382854806e-06 9.925958306094105899e-01
8.490415204088755231e-06 9.924763072067800396e-01
8.628512566366886081e-06 9.923548692326169540e-01
8.768856094587426870e-06 9.922314865020934738e-01
8.911482322840200959e-06 9.921061283702208300e-01
9.056428379445293633e-06 9.919787637253487667e-01
9.203731996618229962e-06 9.918493609825886903e-01
9.353431520292377225e-06 9.917178880771619909e-01
9.505565920101190930e-06 9.915843124576743106e-01
9.660174799522645609e-06 9.914486010793138737e-01
9.817298406188840434e-06 9.913107203969723225e-01
9.976977642363212323e-06 9.911706363582915014e-01
1.013925407558814327e-05 9.910283143966346353e-01
1.030416994950587402e-05 9.908837194239793478e-01
1.047176819485520245e-05 9.907368158237364053e-01
1.064209244064724650e-05 9.905875674434915235e-01
1.081518702552289214e-05 9.904359375876697902e-01
1.099109700929496075e-05 9.902818890101265925e-01
1.116986818467822625e-05 9.901253839066594953e-01
1.135154708920999101e-05 9.899663839074461791e-01
1.153618101736478473e-05 9.898048500694049956e-01
1.172381803286599682e-05 9.896407428684818042e-01
1.191450698119774729e-05 9.894740221918583156e-01
1.210829750232039467e-05 9.893046473300886046e-01
1.230524004359261647e-05 9.891325769691582392e-01
1.250538587290391306e-05 9.889577691824705807e-01
1.270878709202059429e-05 9.887801814227578090e-01
1.291549665014882683e-05 9.885997705139193403e-01
1.312556835771842841e-05 9.884164926427864151e-01
1.333905690039058705e-05 9.882303033508154089e-01
1.355601785329368979e-05 9.880411575257075363e-01
1.377650769549055046e-05 9.878490093929599425e-01
1.400058382468096031e-05 9.876538125073438534e-01
1.422830457214351858e-05 9.874555197443156684e-01
1.445972921792019565e-05 9.872540832913581088e-01
1.469491800624817218e-05 9.870494546392537538e-01
1.493393216124253386e-05 9.868415845732939617e-01
1.517683390283403825e-05 9.866304231644202893e-01
1.542368646296627532e-05 9.864159197603024065e-01
1.567455410205594862e-05 9.861980229763540606e-01
1.592950212572123044e-05 9.859766806866873123e-01
1.618859690178199096e-05 9.857518400150063753e-01
1.645190587753660725e-05 9.855234473254431693e-01
1.671949759731991612e-05 9.852914482133368068e-01
1.699144172034626135e-05 9.850557874959576798e-01
1.726780903884356100e-05 9.848164092031785888e-01
1.754867149648151891e-05 9.845732565680942461e-01
1.783410220710006182e-05 9.843262720175933733e-01
1.812417547374239337e-05 9.840753971628815044e-01
1.841896680799710997e-05 9.838205727899616004e-01
1.871855294965579252e-05 9.835617388500709213e-01
1.902301188668945850e-05 9.832988344500788180e-01
1.933242287555043403e-05 9.830317978428477765e-01
1.964686646180448403e-05 9.827605664175597111e-01
1.996642450109793374e-05 9.824850766900119492e-01
2.029118018046678154e-05 9.822052642928841282e-01
2.062121803999144521e-05 9.819210639659795570e-01
2.095662399480430758e-05 9.816324095464477040e-01
2.129748535745523187e-05 9.813392339589840363e-01
2.164389086064020347e-05 9.810414692060203112e-01
2.199593068030074845e-05 9.807390463578994355e-01
2.235369645909796436e-05 9.804318955430471050e-01
2.271728133026902697e-05 9.801199459381385592e-01
2.308677994187171946e-05 9.798031257582685560e-01
2.346228848142262524e-05 9.794813622471261194e-01
2.384390470093720405e-05 9.791545816671801683e-01
2.423172794237600676e-05 9.788227092898823534e-01
2.462585916350544169e-05 9.784856693858882126e-01
2.502640096417921810e-05 9.781433852153055275e-01
2.543345761304648090e-05 9.777957790179738762e-01
2.584713507469563873e-05 9.774427720037798251e-01
2.626754103723838489e-05 9.770842843430169733e-01
2.669478494034318111e-05 9.767202351567927376e-01
2.712897800372469909e-05 9.763505425074906485e-01
2.757023325609582679e-05 9.759751233892948186e-01
2.801866556459195316e-05 9.755938937187815796e-01
2.847439166467247799e-05 9.752067683255871700e-01
2.893753019050947418e-05 9.748136609431574673e-01
2.940820170587066820e-05 9.744144841995862061e-01
2.988652873550382686e-05 9.740091496085538925e-01
3.037263579703311443e-05 9.735975675603676383e-01
3.086664943337274645e-05 9.731796473131183456e-01
3.136869824566873116e-05 9.727552969839592389e-01
3.187891292677648815e-05 9.723244235405124059e-01
3.239742629528195378e-05 9.718869327924195556e-01
3.292437333007768632e-05 9.714427293830385501e-01
3.345989120549975091e-05 9.709917167813002514e-01
3.400411932703702948e-05 9.705337972737334562e-01
3.455719936762143251e-05 9.700688719566694651e-01
3.511927530450727994e-05 9.695968407286343904e-01
3.569049345675229896e-05 9.691176022829437464e-01
3.627100252330647985e-05 9.686310541005067609e-01
3.686095362172154264e-05 9.681370924428531755e-01
3.746050032748996612e-05 9.676356123453967450e-01
3.806979871402284228e-05 9.671265076109425429e-01
3.868900739327975645e-05 9.666096708034548346e-01
3.931828755705769966e-05 9.660849932420972896e-01
3.995780301895265397e-05 9.655523649955568555e-01
4.060772025700369657e-05 9.650116748766658370e-01
4.126820845702951608e-05 9.644628104373388355e-01
4.193943955667186254e-05 9.639056579638319855e-01
4.262158829015324943e-05 9.633401024723478034e-01
4.331483223376393757e-05 9.627660277049919779e-01
4.401935185208879207e-05 9.621833161261031941e-01
4.473533054498463085e-05 9.615918489189705376e-01
4.546295469532399562e-05 9.609915059829516881e-01
4.620241371751313139e-05 9.603821659310124437e-01
4.695390010680053220e-05 9.597637060877013404e-01
4.771760948938750521e-05 9.591360024875763557e-01
4.849374067335233355e-05 9.584989298741066754e-01
4.928249570040513461e-05 9.578523616990565204e-01
5.008407989848212116e-05 9.571961701223833385e-01
5.089870193519674814e-05 9.565302260126565814e-01
5.172657387216024049e-05 9.558543989480229319e-01
5.256791122018419400e-05 9.551685572177378569e-01
5.342293299538352475e-05 9.544725678242785838e-01
5.429186177618943007e-05 9.537662964860630366e-01
5.517492376129117199e-05 9.530496076407952710e-01
5.607234882852038467e-05 9.523223644494542839e-01
5.698437059469136365e-05 9.515844288009542851e-01
5.791122647641758420e-05 9.508356613174898664e-01
5.885315775191450485e-05 9.500759213605974862e-01
5.981040962380931695e-05 9.493050670379487022e-01
6.078323128297236501e-05 9.485229552108994655e-01
6.177187597338488134e-05 9.477294415028234553e-01
6.277660105806499695e-05 9.469243803082446620e-01
6.379766808606282991e-05 9.461076248028014168e-01
6.483534286054713498e-05 9.452790269540617407e-01
6.588989550799956058e-05 9.444384375332126602e-01
6.696160054853215278e-05 9.435857061276564650e-01
6.805073696735206717e-05 9.427206811545271181e-01
6.915758828738525219e-05 9.418432098751643444e-01
7.028244264308337646e-05 9.409531384105627172e-01
7.142559285543133394e-05 9.400503117578251633e-01
7.258733650817245705e-05 9.391345738076475325e-01
7.376797602527730984e-05 9.382057673628569905e-01
7.496781874966877322e-05 9.372637341580378756e-01
7.618717702322983626e-05 9.363083148802636702e-01
7.742636826811278249e-05 9.353393491909670621e-01
7.868571506936843291e-05 9.343566757489765173e-01
7.996554525892345903e-05 9.333601322347393481e-01
8.126619200091945365e-05 9.323495553757685794e-01
8.258799387844254533e-05 9.313247809733325999e-01
8.393129498166373591e-05 9.302856439304187930e-01
8.529644499741016815e-05 9.292319782810000151e-01
8.668379930019773523e-05 9.281636172206264579e-01
8.809371904473991286e-05 9.270803931383758689e-01
8.952657125996382206e-05 9.259821376501849999e-01
9.098272894455568119e-05 9.248686816335913718e-01
9.246257116405733111e-05 9.237398552639144444e-01
9.396648314954690162e-05 9.225954880518959511e-01
9.549485639791966557e-05 9.214354088828351497e-01
9.704808877380307014e-05 9.202594460572378621e-01
9.862658461312830713e-05 9.190674273330097233e-01
1.002307548283864352e-04 9.178591799692157327e-01
1.018610170155975281e-04 9.166345307714346413e-01
1.035177955630176228e-04 9.153933061387288239e-01
1.052015217616159118e-04 9.141353321122590581e-01
1.069126339173477141e-04 9.128604344255615288e-01
1.086515774652537295e-04 9.115684385565147041e-01
1.104188050854160164e-04 9.102591697810155091e-01
1.122147768207980290e-04 9.089324532283891145e-01
1.140399601970033122e-04 9.075881139385486573e-01
1.158948303439811801e-04 9.062259769209288773e-01
1.177798701197118084e-04 9.048458672152095428e-01
1.196955702359042841e-04 9.034476099538476523e-01
1.216424293857368039e-04 9.020310304264363976e-01
1.236209543736769146e-04 9.005959541459029882e-01
1.256316602474121533e-04 8.991422069165625475e-01
1.276750704319264313e-04 8.976696149040412909e-01
1.297517168657586742e-04 8.961780047070774247e-01
1.318621401394748458e-04 8.946672034312151967e-01
1.340068896363950598e-04 8.931370387643955411e-01
1.361865236756082756e-04 8.915873390544536425e-01
1.384016096573130147e-04 8.900179333885289701e-01
1.406527242105236439e-04 8.884286516743882256e-01
1.429404533431761061e-04 8.868193247236690890e-01
1.452653925946781202e-04 8.851897843370373220e-01
1.476281471909391145e-04 8.835398633912612265e-01
1.500293322019216613e-04 8.818693959281970196e-01
1.524695727017572945e-04 8.801782172456762421e-01
1.549495039314631646e-04 8.784661639902935359e-01
1.574697714643086743e-04 8.767330742520758058e-01
1.600310313738701764e-04 8.749787876610246595e-01
1.626339504048190531e-04 8.732031454855150310e-01
1.652792061464893926e-04 8.714059907325290011e-01
1.679674872092653225e-04 8.695871682497103849e-01
1.706994934038408014e-04 8.677465248292063338e-01
1.734759359233932583e-04 8.658839093132789655e-01
1.762975375287203833e-04 8.639991727016494982e-01
1.791650327363899435e-04 8.620921682605476866e-01
1.820791680099462359e-04 8.601627516334280354e-01
1.850407019542302061e-04 8.582107809533131570e-01
1.880504055128583358e-04 8.562361169567254127e-01
1.911090621689135881e-04 8.542386230991572127e-01
1.942174681489024571e-04 8.522181656720321241e-01
1.973764326300255292e-04 8.501746139211091569e-01
2.005867779508234102e-04 8.481078401662650590e-01
2.038493398252464264e-04 8.460177199226043276e-01
2.071649675602066755e-04 8.439041320228273246e-01
2.105345242766704040e-04 8.417669587407925480e-01
2.139588871343421563e-04 8.396060859162037815e-01
2.174389475600079977e-04 8.374214030803436293e-01
2.209756114795903147e-04 8.352128035827790509e-01
2.245697995539771826e-04 8.329801847189549635e-01
2.282224474186896198e-04 8.307234478585897586e-01
2.319345059274427543e-04 8.284424985747863568e-01
2.357069413996727843e-04 8.261372467737593261e-01
2.395407358720879286e-04 8.238076068250851369e-01
2.434368873543112913e-04 8.214534976923721921e-01
2.473964100886811538e-04 8.190748430642460498e-01
2.514203348142796828e-04 8.166715714855375952e-01
2.555097090352507149e-04 8.142436164885676897e-01
2.596655972934872546e-04 8.117909167244021784e-01
2.638890814457513006e-04 8.093134160939647881e-01
2.681812609453012686e-04 8.068110638788773548e-01
2.725432531281027707e-04 8.042838148719025915e-01
2.769761935036891046e-04 8.017316295068576126e-01
2.814812360507581339e-04 7.991544739878603254e-01
2.860595535175745148e-04 7.965523204177716865e-01
2.907123377272575549e-04 7.939251469256923821e-01
2.954407998880379709e-04 7.912729377933662711e-01
3.002461709085549389e-04 7.885956835803453746e-01
3.051297017182870593e-04 7.858933812477626457e-01
3.100926635931929671e-04 7.831660342805571995e-01
3.151363484866476195e-04 7.804136528080003465e-01
3.202620693657650080e-04 7.776362537223550087e-01
3.254711605531848163e-04 7.748338607955164159e-01
3.307649780744242331e-04 7.720065047934621116e-01
3.361449000108768324e-04 7.691542235883490619e-01
3.416123268585525207e-04 7.662770622680906696e-01
3.471686818926559680e-04 7.633750732432439401e-01
3.528154115380883050e-04 7.604483163510377119e-01
3.585539857459817017e-04 7.574968589563683130e-01
3.643858983763548090e-04 7.545207760495932225e-01
3.703126675869923340e-04 7.515201503409507655e-01
3.763358362286532656e-04 7.484950723514277593e-01
3.824569722466999088e-04 7.454456404999121322e-01
3.886776690892667719e-04 7.423719611864493251e-01
3.949995461220647160e-04 7.392741488714351661e-01
4.014242490499317709e-04 7.361523261505755755e-01
4.079534503452448896e-04 7.330066238254399069e-01
4.145888496832911426e-04 7.298371809694472745e-01
4.213321743847288901e-04 7.266441449891118953e-01
4.281851798652415507e-04 7.234276716803915708e-01
4.351496500925045312e-04 7.201879252799749942e-01
4.422273980505897289e-04 7.169250785113493452e-01
4.494202662119142376e-04 7.136393126255001773e-01
4.567301270168746923e-04 7.103308174360857263e-01
4.641588833612782196e-04 7.069997913489440844e-01
4.717084690917012373e-04 7.036464413857904665e-01
4.793808495089107069e-04 7.002709832019656799e-01
4.871780218794630885e-04 6.968736410981103413e-01
4.951020159556351191e-04 6.934546480256297274e-01
5.031548945038056761e-04 6.900142455858355728e-01
5.113387538414320560e-04 6.865526840226497951e-01
5.196557243827657369e-04 6.830702222087593478e-01
5.281079711934330654e-04 6.795671276251288306e-01
5.366976945540475642e-04 6.760436763337702715e-01
5.454271305329836403e-04 6.725001529436885894e-01
5.542985515684662997e-04 6.689368505699267997e-01
5.633142670601351629e-04 6.653540707856359093e-01
5.724766239702178735e-04 6.617521235671189883e-01
5.817880074344935256e-04 6.581313272317861340e-01
5.912508413831881436e-04 6.544920083689860224e-01
6.008675891719680948e-04 6.508345017636782970e-01
6.106407542232036075e-04 6.471591503129203726e-01
6.205728806776500623e-04 6.434663049351631026e-01
6.306665540567405869e-04 6.397563244723414311e-01
6.409244019356456464e-04 6.360295755847735766e-01
6.513490946272796050e-04 6.322864326388841771e-01
6.619433458774387925e-04 6.285272775877763785e-01
6.727099135712337041e-04 6.247524998446976063e-01
6.836516004510238267e-04 6.209624961494398798e-01
6.947712548460240100e-04 6.171576704277406122e-01
7.060717714137765624e-04 6.133384336437534001e-01
7.175560918936921447e-04 6.095052036456665157e-01
7.292272058728313045e-04 6.056584050045717982e-01
7.410881515641569396e-04 6.017984688466759824e-01
7.531420165974375561e-04 5.979258326789764766e-01
7.653919388230155619e-04 5.940409402085260471e-01
7.778411071286482192e-04 5.901442411554209677e-01
7.904927622696419996e-04 5.862361910596581849e-01
8.033501977124734390e-04 5.823172510820265879e-01
8.164167604921471590e-04 5.783878877991884826e-01
8.296958520834915238e-04 5.744485729931370077e-01
8.431909292866251451e-04 5.704997834352160124e-01
8.569055051268347108e-04 5.665420006648941298e-01
8.708431497690724121e-04 5.625757107635094290e-01
8.850074914473439122e-04 5.586014041231893712e-01
8.994022174092053228e-04 5.546195752111758859e-01
9.140310748756222403e-04 5.506307223297884912e-01
9.288978720164497516e-04 5.466353473722618261e-01
9.440064789417603299e-04 5.426339555747115018e-01
9.593608287093146345e-04 5.386270552644766285e-01
9.749649183484096178e-04 5.346151576051045851e-01
9.908228099003786767e-04 5.305987763382464806e-01
1.006938631476027041e-03 5.265784275227329836e-01
1.023316578330244831e-03 5.225546292711169549e-01
1.039960913954120214e-03 5.185279014839571099e-01
1.056875971184804974e-03 5.144987655821380290e-01
1.074066153333432362e-03 5.104677442375155083e-01
1.091535935331391146e-03 5.064353611021797930e-01
1.109289864895222780e-03 5.024021405366413395e-01
1.127332563710487130e-03 4.983686073372289860e-01
1.145668728634872567e-03 4.943352864630084498e-01
1.164303132920875691e-03 4.903027027625211365e-01
1.183240627458377906e-03 4.862713807006426858e-01
1.202486142037412220e-03 4.822418440858701194e-01
1.222044686631488684e-03 4.782146157983310220e-01
1.241921352701784659e-03 4.741902175188180135e-01
1.262121314522546191e-03 4.701691694591482729e-01
1.282649830528059809e-03 4.661519900941386574e-01
1.303512244681508938e-03 4.621391958954955137e-01
1.324713987866117399e-03 4.581313010679006203e-01
1.346260579298911089e-03 4.541288172875814766e-01
1.368157627967470612e-03 4.501322534436482115e-01
1.390410834090069709e-03 4.461421153824641217e-01
1.413025990599533653e-03 4.421589056553307806e-01
1.436008984651260603e-03 4.381831232697375733e-01
1.459365799155757639e-03 4.342152634444416126e-01
1.483102514336102819e-03 4.302558173686238940e-01
1.507225309310755452e-03 4.263052719653604994e-01
1.531740463702079740e-03 4.223641096596513766e-01
1.556654359271062099e-03 4.184328081512218578e-01
1.581973481578601405e-03 4.145118401923215679e-01
1.607704421673822109e-03 4.106016733707261168e-01
1.633853877809860388e-03 4.067027698981384720e-01
1.660428657187529473e-03 4.028155864041866874e-01
1.687435677727375672e-03 3.989405737361869653e-01
1.714881969870540998e-03 3.950781767648500753e-01
1.742774678408917253e-03 3.912288341960874494e-01
1.771121064345086834e-03 3.873929783890626144e-01
1.799928506782476562e-03 3.835710351806349006e-01
1.829204504846293749e-03 3.797634237163122206e-01
1.858956679635688372e-03 3.759705562878377649e-01
1.889192776207664374e-03 3.721928381775128636e-01
1.919920665593282836e-03 3.684306675093497185e-01
1.951148346846616304e-03 3.646844351071448220e-01
1.982883949127071596e-03 3.609545243595357333e-01
2.015135733815558595e-03 3.572413110921117685e-01
2.047912096665083313e-03 3.535451634466257875e-01
2.081221569986337061e-03 3.498664417673469917e-01
2.115072824868794756e-03 3.462054984945892033e-01
2.149474673437980470e-03 3.425626780654263404e-01
2.184436071149428466e-03 3.389383168216096309e-01
2.219966119119952484e-03 3.353327429246823477e-01
2.256074066496859074e-03 3.317462762782790175e-01
2.292769312865648810e-03 3.281792284575934526e-01
2.330061410696924844e-03 3.246319026459751900e-01
2.367960067833078681e-03 3.211045935786209782e-01
2.406475150015421893e-03 3.175975874933081311e-01
2.445616683452444227e-03 3.141111620881100186e-01
2.485394857429798314e-03 3.106455864860310223e-01
2.525820026962784671e-03 3.072011212064781893e-01
2.566902715491951956e-03 3.037780181434908688e-01
2.608653617622550599e-03 3.003765205506350733e-01
2.651083601908536293e-03 2.969968630324638648e-01
2.694203713681882304e-03 2.936392715424354649e-01
2.738025177927857611e-03 2.903039633871832281e-01
2.782559402207125665e-03 2.869911472370092476e-01
2.827817979625344216e-03 2.837010231424829110e-01
2.873812691851063313e-03 2.804337825570130116e-01
2.920555512182745027e-03 2.771896083652531373e-01
2.968058608665602276e-03 2.739686749172079994e-01
3.016334347259197381e-03 2.707711480678853255e-01
3.065395295056529829e-03 2.675971852223513192e-01
3.115254223555484914e-03 2.644469353860328109e-01
3.165924111983520629e-03 2.613205392201088939e-01
3.217418150676371654e-03 2.582181291018364466e-01
3.269749744511767954e-03 2.551398291896403436e-01
3.322932516398975026e-03 2.520857554928083721e-01
3.376980310825087803e-03 2.490560159456216838e-01
3.431907197459042706e-03 2.460507104857507232e-01
3.487727474814177487e-03 2.430699311367514881e-01
3.544455673970435625e-03 2.401137620944833184e-01
3.602106562357073553e-03 2.371822798172822100e-01
3.660695147596898513e-03 2.342755531197147634e-01
3.720236681413065759e-03 2.313936432697389634e-01
3.780746663599349276e-03 2.285366040891036177e-01
3.842240846055060884e-03 2.257044820568091525e-01
3.904735236885564006e-03 2.228973164154613718e-01
3.968246104569478003e-03 2.201151392803482598e-01
4.032789982193705006e-03 2.173579757510669119e-01
4.098383671757261509e-03 2.146258440255402467e-01
4.165044248545184992e-03 2.119187555162480308e-01
4.232789065573553354e-03 2.092367149685154804e-01
4.301635758106790719e-03 2.065797205806940151e-01
4.371602248248502090e-03 2.039477641260734053e-01
4.442706749606882902e-03 2.013408310763731002e-01
4.514967772036101654e-03 1.987589007266507557e-01
4.588404126454761513e-03 1.962019463214813852e-01
4.663034929742726313e-03 1.936699351822566417e-01
4.738879609717651029e-03 1.911628288354562388e-01
4.815957910192351227e-03 1.886805831417539270e-01
4.894289896114531989e-03 1.862231484258123348e-01
4.973895958790068052e-03 1.837904696066346710e-01
5.054796821191235093e-03 1.813824863283405309e-01
5.137013543351338918e-03 1.789991330912339973e-01
5.220567527846975073e-03 1.766403393830443258e-01
5.305480525369573805e-03 1.743060298102111216e-01
5.391774640387505396e-03 1.719961242291011827e-01
5.479472336900281099e-03 1.697105378770410733e-01
5.568596444286409188e-03 1.674491815030545172e-01
5.659170163246242738e-03 1.652119614982022755e-01
5.751217071841613696e-03 1.629987800254168451e-01
5.844761131633637551e-03 1.608095351487374702e-01
5.939826693920350481e-03 1.586441209618503212e-01
6.036438506075864248e-03 1.565024277158411359e-01
6.134621717992506419e-03 1.543843419460781408e-01
6.234401888627863660e-03 1.522897465981373211e-01
6.335804992658253774e-03 1.502185211526946007e-01
6.438857427240412407e-03 1.481705417493089927e-01
6.543586018883228855e-03 1.461456813090239448e-01
6.650018030431118291e-03 1.441438096557231263e-01
6.758181168161110294e-03 1.421647936361719045e-01
6.868103588995307790e-03 1.402084972386876960e-01
6.979813907830653176e-03 1.382747817103820165e-01
7.093341204987989659e-03 1.363635056729191053e-01
7.208715033782135163e-03 1.344745252367458010e-01
7.325965428215230023e-03 1.326076941137413756e-01
7.445122910795143496e-03 1.307628637282479689e-01
7.566218500481047653e-03 1.289398833264410460e-01
7.689283720758305352e-03 1.271386000840020458e-01
7.814350607844541483e-03 1.253588592120637168e-01
7.941451719029339953e-03 1.236005040613927242e-01
8.070620141149507584e-03 1.218633762247861851e-01
8.201889499202211220e-03 1.201473156376560852e-01
8.335293965098187693e-03 1.184521606767801327e-01
8.470868266557402340e-03 1.167777482571991099e-01
8.608647696149244674e-03 1.151239139272474676e-01
8.748668120479913615e-03 1.134904919616989000e-01
8.890965989529167612e-03 1.118773154530190717e-01
9.035578346138920316e-03 1.102842164007149933e-01
9.182542835656282154e-03 1.087110257987735779e-01
9.331897715733238757e-03 1.071575737211878931e-01
9.483681866285927423e-03 1.056236894055643805e-01
9.637934799615796230e-03 1.041092013348137307e-01
9.794696670695384952e-03 1.026139373169262653e-01
9.954008287621518916e-03 1.011377245628334309e-01
1.011591112223829761e-02 9.968038976236451298e-02
1.028044732093309765e-02 9.824175915830035688e-02
1.044765971560805175e-02 9.682165861853651856e-02
1.061759183482999074e-02 9.541991370636394854e-02
1.079028791516183604e-02 9.403634974887854769e-02
1.096579291267809828e-02 9.267079190353413876e-02
1.114415251466788215e-02 9.132306522285041361e-02
1.132541315152812630e-02 8.999299471729303723e-02
1.150962200885031171e-02 8.868040541634188145e-02
1.169682703970384603e-02 8.738512242776425021e-02
1.188707697711903315e-02 8.610697099511370467e-02
1.208042134677328981e-02 8.484577655347134983e-02
1.227691047988360359e-02 8.360136478345198130e-02
1.247659552630868418e-02 8.237356166349582565e-02
1.267952846786433996e-02 8.116219352046706581e-02
1.288576213185517981e-02 7.996708707858417309e-02
1.309535020482667685e-02 7.878806950670236287e-02
1.330834724654075991e-02 7.762496846397450023e-02
1.352480870417874063e-02 7.647761214391415874e-02
1.374479092677536630e-02 7.534582931688516005e-02
1.396835117988739702e-02 7.422944937104508645e-02
1.419554766050101606e-02 7.312830235176594196e-02
1.442643951218158804e-02 7.204221899956007868e-02
1.466108684046982941e-02 7.097103078653711761e-02
1.489955072852853710e-02 6.991456995141814845e-02
1.514189325304352018e-02 6.887266953313597728e-02
1.538817750038346324e-02 6.784516340304577731e-02
1.563846758302247716e-02 6.683188629577561934e-02
1.589282865622976271e-02 6.583267383874333301e-02
1.615132693503089703e-02 6.484736258036656598e-02
1.641402971144466372e-02 6.387579001699551784e-02
1.668100537200059227e-02 6.291779461859277334e-02
1.695232341554121433e-02 6.197321585319023884e-02
1.722805447131392151e-02 6.104189421014923067e-02
1.750827031735723363e-02 6.012367122225080462e-02
1.779304389918577242e-02 5.921838948664509550e-02
1.808244934877951612e-02 5.832589268468429261e-02
1.837656200388172387e-02 5.744602560066797148e-02
1.867545842761074090e-02 5.657863413952676779e-02
1.897921642839099643e-02 5.572356534347042839e-02
1.928791508020777715e-02 5.488066740762805040e-02
1.960163474319185847e-02 5.404978969470439903e-02
1.992045708453871189e-02 5.323078274867975440e-02
2.024446509976801645e-02 5.242349830757810081e-02
2.057374313432911578e-02 5.162778931532859689e-02
2.090837690555749986e-02 5.084350993274665970e-02
2.124845352498882720e-02 5.007051554765716561e-02
2.159406152103567761e-02 4.930866278418585130e-02
2.194529086203311427e-02 4.855780951124222256e-02
2.230223297965936227e-02 4.781781485021708439e-02
2.266498079273692942e-02 4.708853918191967941e-02
2.303362873142131284e-02 4.636984415277520949e-02
2.340827276178294308e-02 4.566159268030692969e-02
2.378901041078890916e-02 4.496364895792452632e-02
2.417594079169128191e-02 4.427587845904018549e-02
2.456916462982790261e-02 4.359814794053515352e-02
2.496878428884326609e-02 4.293032544559625963e-02
2.537490379733571555e-02 4.227228030594416819e-02
2.578762887593803732e-02 4.162388314347356677e-02
2.620706696483849837e-02 4.098500587132509337e-02
2.663332725174980681e-02 4.035552169440820985e-02
2.706652070033241375e-02 3.973530510939547733e-02
2.750676007908067419e-02 3.912423190420533797e-02
2.795415999067859397e-02 3.852217915699304024e-02
2.840883690183301086e-02 3.792902523466731846e-02
2.887090917359234551e-02 3.734464979095013931e-02
2.934049709215787172e-02 3.676893376399778535e-02
2.981772290019673449e-02 3.620175937359881163e-02
3.030271082866399512e-02 3.564301011796629920e-02
3.079558712914223437e-02 3.509257077014021203e-02
3.129648010670750546e-02 3.455032737401533827e-02
3.180552015332920035e-02 3.401616724001103875e-02
3.232283978181380718e-02 3.348997894039653506e-02
3.284857366030047299e-02 3.297165230428732857e-02
3.338285864731757591e-02 3.246107841232669100e-02
3.392583382740992082e-02 3.195814959106578479e-02
3.447764054734463873e-02 3.146275940705696439e-02
3.503842245290676033e-02 3.097480266067203711e-02
3.560832552629281805e-02 3.049417537965954869e-02
3.618749812411276717e-02 3.002077481245294180e-02
3.677609101601030800e-02 2.955449942124170962e-02
3.737425742391064371e-02 2.909524887481823932e-02
3.798215306190736579e-02 2.864292404121051780e-02
3.859993617679770977e-02 2.819742698011293985e-02
3.922776758927715157e-02 2.775866093512573476e-02
3.986581073580438422e-02 2.732653032581322874e-02
4.051423171114647281e-02 2.690094073959216001e-02
4.117319931161678853e-02 2.648179892345875128e-02
4.184288507901584575e-02 2.606901277556511465e-02
4.252346334528677579e-02 2.566249133665403706e-02
4.321511127789762208e-02 2.526214478136098660e-02
4.391800892596085804e-02 2.486788440939289094e-02
4.463233926710397093e-02 2.447962263659122367e-02
4.535828825510190843e-02 2.409727298588836691e-02
4.609604486828429437e-02 2.372075007816506348e-02
4.684580115873045181e-02 2.334996962301637974e-02
4.760775230226368254e-02 2.298484840943441909e-02
4.838209664925956915e-02 2.262530429641412821e-02
4.916903577628031069e-02 2.227125620348973170e-02
4.996877453854878942e-02 2.192262410120855709e-02
5.078152112327670442e-02 2.157932900154836339e-02
5.160748710385907462e-02 2.124129294828518838e-02
5.244688749495118874e-02 2.090843900731702287e-02
5.329994080844092930e-02 2.058069125694969234e-02
5.416686911033146562e-02 2.025797477815044836e-02
5.504789807854967854e-02 1.994021564477457126e-02
5.594325706169377826e-02 1.962734091377075010e-02
5.685317913873753209e-02 1.931927861536954574e-02
5.777790117970506983e-02 1.901595774326042543e-02
5.871766390733249713e-02 1.871730824476179611e-02
5.967271195973310183e-02 1.842326101098841484e-02
6.064329395408061402e-02 1.813374786702099187e-02
6.162966255132942134e-02 1.784870156208149053e-02
6.263207452198692182e-02 1.756805575971857186e-02
6.365079081295564600e-02 1.729174502800688573e-02
6.468607661546320331e-02 1.701970482976371268e-02
6.573820143409585259e-02 1.675187151278691861e-02
6.680743915695615265e-02 1.648818230011701511e-02
6.789406812696112403e-02 1.622857528032693036e-02
6.899837121430010822e-02 1.597298939784249500e-02
7.012063589007176689e-02 1.572136444329640462e-02
7.126115430111745752e-02 1.547364104391892384e-02
7.242022334607314815e-02 1.522976065396740297e-02
7.359814475265770428e-02 1.498966554519759811e-02
7.479522515621812861e-02 1.475329879737914685e-02
7.601177617955322263e-02 1.452060428885727610e-02
7.724811451403400253e-02 1.429152668716347253e-02
7.850456200204508628e-02 1.406601143967653803e-02
7.978144572076628638e-02 1.384400476433650731e-02
8.107909806731677937e-02 1.362545364041316265e-02
8.239785684528511123e-02 1.341030579933072051e-02
8.373806535266489770e-02 1.319850971555088827e-02
8.510007247122246266e-02 1.299001459751522071e-02
8.648423275731725868e-02 1.278477037864874689e-02
8.789090653419963373e-02 1.258272770842610438e-02
8.932045998580959156e-02 1.238383794350151994e-02
9.077326525210223374e-02 1.218805313890375386e-02
9.224970052592174063e-02 1.199532603929751376e-02
9.375015015145289621e-02 1.180561007031196048e-02
9.527500472427299916e-02 1.161885932993761590e-02
9.682466119303113905e-02 1.143502857999256772e-02
9.839952296278225985e-02 1.125407323765861486e-02
1.000000000000000056e-01 1.107594936708860764e-02
