1.000000000000000021e-08 9.999772214755928701e-01
1.016265089392995110e-08 9.999768509894337853e-01
1.032794731918952445e-08 9.999764744775654357e-01
1.049593230558226649e-08 9.999760918419882127e-01
1.066664958279538736e-08 9.999757029831092270e-01
1.084014359178330982e-08 9.999753077997157735e-01
1.101645949633656934e-08 9.999749061889491308e-01
1.119564319483879355e-08 9.999744980462776933e-01
1.137774133221490262e-08 9.999740832654707701e-01
1.156280131207375345e-08 9.999736617385696080e-01
1.175087130904807623e-08 9.999732333558595254e-01
1.194200028133532503e-08 9.999727980058424892e-01
1.213623798344241837e-08 9.999723555752069171e-01
1.233363497913774651e-08 9.999719059487987005e-01
1.253424265461399562e-08 9.999714490095910069e-01
1.273811323186478490e-08 9.999709846386539702e-01
1.294529978227915991e-08 9.999705127151239381e-01
1.315585624045705234e-08 9.999700331161721634e-01
1.336983741824945163e-08 9.999695457169717194e-01
1.358729901902709187e-08 9.999690503906664141e-01
1.380829765218092295e-08 9.999685470083373717e-01
1.403289084785873192e-08 9.999680354389688386e-01
1.426113707194129758e-08 9.999675155494150980e-01
1.449309574126215144e-08 9.999669872043652763e-01
1.472882723907501811e-08 9.999664502663078158e-01
1.496839293077255471e-08 9.999659045954958358e-01
1.521185517986104820e-08 9.999653500499092740e-01
1.545927736419478449e-08 9.999647864852193591e-01
1.571072389247448998e-08 9.999642137547503085e-01
1.596626022101425121e-08 9.999636317094409144e-01
1.622595287078086962e-08 9.999630401978067962e-01
1.648986944471064949e-08 9.999624390659000994e-01
1.675807864530768860e-08 9.999618281572698608e-01
1.703065029252842640e-08 9.999612073129205969e-01
1.730765534195724054e-08 9.999605763712724471e-01
1.758916590327732712e-08 9.999599351681176529e-01
1.787525525904235371e-08 9.999592835365790355e-01
1.816599788375328570e-08 9.999586213070649210e-01
1.846146946324545845e-08 9.999579483072273955e-01
1.876174691439119556e-08 9.999572643619152323e-01
1.906690840512251962e-08 9.999565692931302596e-01
1.937703337477988794e-08 9.999558629199791771e-01
1.969220255479173433e-08 9.999551450586282586e-01
2.001249798969034913e-08 9.999544155222541697e-01
2.033800305846979844e-08 9.999536741209963386e-01
2.066880249629081913e-08 9.999529206619073296e-01
2.100498241653915160e-08 9.999521549489017724e-01
2.134663033324245531e-08 9.999513767827074018e-01
2.169383518385182241e-08 9.999505859608112113e-01
2.204668735239407667e-08 9.999497822774078282e-01
2.240527869300018155e-08 9.999489655233455565e-01
2.276970255381679834e-08 9.999481354860721982e-01
2.314005380130653974e-08 9.999472919495805412e-01
2.351642884494350993e-08 9.999464346943501836e-01
2.389892566231047717e-08 9.999455634972929108e-01
2.428764382460450497e-08 9.999446781316930766e-01
2.468268452255692455e-08 9.999437783671486502e-01
2.508415059277541100e-08 9.999428639695124854e-01
2.549214654451425775e-08 9.999419347008305925e-01
2.590677858688006237e-08 9.999409903192799653e-01
2.632815465648019883e-08 9.999400305791065202e-01
2.675638444552045216e-08 9.999390552305605917e-01
2.719157943036018985e-08 9.999380640198332060e-01
2.763385290053172716e-08 9.999370566889878020e-01
2.808331998823169829e-08 9.999360329758956167e-01
2.854009769829237414e-08 9.999349926141658518e-01
2.900430493863991500e-08 9.999339353330777280e-01
2.947606255124858740e-08 9.999328608575086541e-01
2.995549334359816154e-08 9.999317689078642823e-01
3.044272212064299607e-08 9.999306592000046789e-01
3.093787571730136651e-08 9.999295314451709382e-01
3.144108303147264744e-08 9.999283853499103536e-01
3.195247505759213554e-08 9.999272206159997012e-01
3.247218492073131890e-08 9.999260369403677462e-01
3.300034791125282055e-08 9.999248340150168612e-01
3.353710152002928723e-08 9.999236115269429792e-01
3.408258547423452176e-08 9.999223691580536588e-01
3.463694177371734093e-08 9.999211065850862612e-01
3.520031472796682789e-08 9.999198234795233509e-01
3.577285099367869991e-08 9.999185195075076527e-01
3.635469961293318112e-08 9.999171943297547882e-01
3.694601205199302233e-08 9.999158476014657904e-01
3.754694224073336784e-08 9.999144789722376192e-01
3.815764661271252174e-08 9.999130880859712356e-01
3.877828414589453252e-08 9.999116745807796747e-01
3.940901640403447515e-08 9.999102380888943431e-01
4.005000757873611176e-08 9.999087782365684296e-01
4.070142453219439185e-08 9.999072946439814258e-01
4.136343684063277745e-08 9.999057869251388730e-01
4.203621683844717915e-08 9.999042546877728865e-01
4.271993966306776573e-08 9.999026975332401257e-01
4.341478330055092286e-08 9.999011150564188766e-01
4.412092863191190232e-08 9.998995068456021373e-01
4.483855948021190636e-08 9.998978724823931463e-01
4.556786265841068465e-08 9.998962115415940266e-01
4.630902801799736922e-08 9.998945235910978724e-01
4.706224849841281539e-08 9.998928081917747290e-01
4.782772017727485049e-08 9.998910648973583504e-01
4.860564232142138588e-08 9.998892932543304024e-01
4.939621743878325726e-08 9.998874928018023356e-01
5.019965133110078918e-08 9.998856630713960358e-01
5.101615314749833786e-08 9.998838035871219221e-01
5.184593543892912712e-08 9.998819138652556004e-01
5.268921421350676915e-08 9.998799934142122980e-01
5.354620899273612896e-08 9.998780417344192983e-01
5.441714286865887210e-08 9.998760583181857120e-01
5.530224256192900145e-08 9.998740426495716926e-01
5.620173848083188292e-08 9.998719942042538777e-01
5.711586478126434916e-08 9.998699124493888313e-01
5.804485942768983740e-08 9.998677968434759311e-01
5.898896425508493303e-08 9.998656468362162597e-01
5.994842503189409424e-08 9.998634618683690523e-01
6.092349152400711584e-08 9.998612413716083669e-01
6.191441755977847689e-08 9.998589847683738707e-01
6.292146109610350070e-08 9.998566914717219589e-01
6.394488428556936010e-08 9.998543608851726550e-01
6.498495354469888085e-08 9.998519924025560668e-01
6.604193962330305823e-08 9.998495854078544021e-01
6.711611767496286717e-08 9.998471392750419851e-01
6.820776732865692255e-08 9.998446533679232751e-01
6.931717276155400840e-08 9.998421270399673322e-01
7.044462277299036794e-08 9.998395596341415059e-01
7.159041085964888045e-08 9.998369504827387955e-01
7.275483529196231984e-08 9.998342989072066533e-01
7.393819919175873408e-08 9.998316042179706820e-01
7.514081061116961850e-08 9.998288657142546665e-01
7.636298261282241588e-08 9.998260826839000526e-01
7.760503335133571367e-08 9.998232544031813163e-01
7.886728615614155644e-08 9.998203801366173371e-01
8.015006961565413044e-08 9.998174591367818831e-01
8.145371766280737258e-08 9.998144906441090995e-01
8.277856966198471773e-08 9.998114738866969997e-01
8.412497049736118078e-08 9.998084080801076245e-01
8.549327066268384629e-08 9.998052924271629838e-01
8.688382635251192821e-08 9.998021261177391095e-01
8.829699955494083135e-08 9.997989083285563350e-01
8.973315814583520204e-08 9.997956382229653549e-01
9.119267598459297759e-08 9.997923149507307317e-01
9.267593301146883668e-08 9.997889376478108492e-01
9.418331534647960283e-08 9.997855054361335370e-01
9.571521538991856055e-08 9.997820174233699175e-01
9.727203192450536562e-08 9.997784727027011487e-01
9.885417021919572961e-08 9.997748703525861647e-01
1.004620421346813191e-07 9.997712094365206470e-01
1.020960662306047507e-07 9.997674890027962169e-01
1.037566678745184818e-07 9.997637080842536328e-01
1.054442793526168454e-07 9.997598656980314358e-01
1.071593399822671165e-07 9.997559608453130409e-01
1.089022962263730555e-07 9.997519925110676109e-01
1.106736018095974501e-07 9.997479596637862675e-01
1.124737178364750763e-07 9.997438612552173032e-01
1.143031129114478678e-07 9.997396962200931769e-01
1.161622632608501812e-07 9.997354634758554015e-01
1.180516528568805511e-07 9.997311619223748780e-01
1.199717735435885631e-07 9.997267904416667905e-01
1.219231251649109383e-07 9.997223478976016153e-01
1.239062156947915701e-07 9.997178331356119108e-01
1.259215613694151061e-07 9.997132449823920020e-01
1.279696868215941652e-07 9.997085822455972215e-01
1.300511252173409858e-07 9.997038437135330469e-01
1.321664183946603918e-07 9.996990281548431279e-01
1.343161170046015304e-07 9.996941343181915407e-01
1.365007806546013903e-07 9.996891609319381589e-01
1.387209780541621071e-07 9.996841067038104711e-01
1.409772871628967586e-07 9.996789703205702926e-01
1.432702953409829562e-07 9.996737504476735925e-01
1.456005995020648655e-07 9.996684457289261028e-01
1.479688062686396267e-07 9.996630547861330429e-01
1.503755321299738365e-07 9.996575762187434044e-01
1.528214036025870954e-07 9.996520086034875741e-01
1.553070573933458456e-07 9.996463504940108491e-01
1.578331405652116518e-07 9.996406004204992923e-01
1.604003107056819881e-07 9.996347568893000357e-01
1.630092360979741138e-07 9.996288183825373652e-01
1.656605958949915327e-07 9.996227833577192579e-01
1.683550802961200715e-07 9.996166502473401438e-01
1.710933907269013290e-07 9.996104174584762303e-01
1.738762400216250540e-07 9.996040833723757180e-01
1.767043526088946617e-07 9.995976463440395809e-01
1.795784647002096697e-07 9.995911047017987938e-01
1.824993244816150550e-07 9.995844567468823438e-01
1.854676923084697568e-07 9.995777007529803582e-01
1.884843409033795357e-07 9.995708349657976832e-01
1.915500555573527936e-07 9.995638576026038002e-01
1.946656343342263367e-07 9.995567668517716386e-01
1.978318882784162208e-07 9.995495608723116154e-01
2.010496416260497127e-07 9.995422377933975699e-01
2.043197320195270474e-07 9.995347957138850381e-01
2.076430107255774870e-07 9.995272327018214220e-01
2.110203428568596572e-07 9.995195467939484990e-01
2.144526075971665378e-07 9.995117359951978253e-01
2.179406984302953533e-07 9.995037982781765917e-01
2.214855233726359380e-07 9.994957315826461519e-01
2.250880052095461857e-07 9.994875338149925570e-01
2.287490817355704078e-07 9.994792028476874313e-01
2.324697059985645525e-07 9.994707365187410764e-01
2.362508465477945104e-07 9.994621326311468046e-01
2.400934876860651595e-07 9.994533889523161685e-01
2.439986297259550047e-07 9.994445032135051976e-01
2.479672892502159966e-07 9.994354731092314204e-01
2.520004993764089383e-07 9.994262962966818931e-01
2.560993100258456838e-07 9.994169703951109041e-01
2.602647881969004651e-07 9.994074929852296840e-01
2.644980182427720070e-07 9.993978616085841260e-01
2.688001021537607504e-07 9.993880737669251779e-01
2.731721598441373654e-07 9.993781269215668006e-01
2.776153294436797922e-07 9.993680184927349330e-01
2.821307675939470486e-07 9.993577458589063545e-01
2.867196497493769966e-07 9.993473063561357783e-01
2.913831704832788474e-07 9.993366972773737311e-01
2.961225437988031500e-07 9.993259158717721080e-01
3.009390034449724303e-07 9.993149593439801803e-01
3.058338032378431566e-07 9.993038248534281687e-01
3.108082173869063920e-07 9.992925095135990476e-01
3.158635408267819256e-07 9.992810103912911357e-01
3.210010895543168453e-07 9.992693245058664742e-01
3.262222009711673251e-07 9.992574488284882150e-01
3.315282342319423480e-07 9.992453802813460184e-01
3.369205705980267328e-07 9.992331157368689043e-01
3.424006137971425436e-07 9.992206520169263362e-01
3.479697903887687909e-07 9.992079858920144275e-01
3.536295501355046578e-07 9.991951140804330445e-01
3.593813663804625413e-07 9.991820332474458111e-01
3.652267364308175408e-07 9.991687400044293454e-01
3.711671819475767101e-07 9.991552309080083960e-01
3.772042493416993616e-07 9.991415024591769889e-01
3.833395101766605394e-07 9.991275511024062528e-01
3.895745615775500918e-07 9.991133732247373667e-01
3.959110266468458876e-07 9.990989651548605188e-01
4.023505548869293084e-07 9.990843231621796550e-01
4.088948226294864306e-07 9.990694434558623493e-01
4.155455334718879651e-07 9.990543221838741328e-01
4.223044187206672270e-07 9.990389554319977217e-01
4.291732378422157257e-07 9.990233392228377030e-01
4.361537789208005614e-07 9.990074695148087880e-01
4.432478591240400518e-07 9.989913422011069688e-01
4.504573251759462753e-07 9.989749531086671297e-01
4.577840538376616380e-07 9.989582979971027843e-01
4.652299523960189011e-07 9.989413725576278269e-01
4.727969591600390720e-07 9.989241724119638510e-01
4.804870439655133784e-07 9.989066931112291492e-01
4.883022086877884378e-07 9.988889301348095051e-01
4.962444877628913673e-07 9.988708788892126655e-01
5.043159487171359161e-07 9.988525347069037164e-01
5.125186927053332351e-07 9.988338928451236942e-01
5.208548550577665794e-07 9.988149484846867709e-01
5.293266058360566796e-07 9.987956967287628940e-01
5.379361503980697196e-07 9.987761326016374452e-01
5.466857299720180573e-07 9.987562510474533584e-01
5.555776222398877301e-07 9.987360469289338072e-01
5.646141419303672361e-07 9.987155150260843550e-01
5.737976414214139612e-07 9.986946500348743427e-01
5.831305113526218361e-07 9.986734465658991811e-01
5.926151812475552896e-07 9.986518991430208825e-01
6.022541201461927509e-07 9.986300022019868328e-01
6.120498372476702854e-07 9.986077500890290226e-01
6.220048825634717926e-07 9.985851370594389653e-01
6.321218475812448096e-07 9.985621572761227416e-01
6.424033659394190549e-07 9.985388048081323964e-01
6.528521141127847315e-07 9.985150736291746876e-01
6.634708121092350418e-07 9.984909576160971856e-01
6.742622241778349095e-07 9.984664505473508367e-01
6.852291595284057501e-07 9.984415461014275461e-01
6.963744730628222709e-07 9.984162378552760009e-01
7.077010661181889092e-07 9.983905192826910691e-01
7.192118872221193113e-07 9.983643837526786635e-01
7.309099328602918614e-07 9.983378245277961804e-01
7.427982482564911104e-07 9.983108347624668477e-01
7.548799281653431580e-07 9.982834075012682051e-01
7.671581176779302778e-07 9.982555356771942723e-01
7.796360130405236458e-07 9.982272121098909601e-01
7.923168624866261349e-07 9.981984295038643928e-01
8.052039670825469881e-07 9.981691804466625850e-01
8.183006815867389787e-07 9.981394574070278081e-01
8.316104153230961550e-07 9.981092527330225339e-01
8.451366330684722093e-07 9.980785586501242923e-01
8.588828559546258306e-07 9.980473672592946599e-01
8.728526623848370902e-07 9.980156705350152757e-01
8.870496889654402904e-07 9.979834603232974333e-01
9.014776314524917028e-07 9.979507283396585882e-01
9.161402457138521424e-07 9.979174661670694446e-01
9.310413487069085223e-07 9.978836652538711771e-01
9.461848194721991931e-07 9.978493169116571249e-01
9.615746001432095654e-07 9.978144123131271748e-01
9.772146969725724298e-07 9.977789424899069504e-01
9.931091813749800272e-07 9.977428983303335830e-01
1.009262190987048422e-06 9.977062705772111739e-01
1.025677930744420800e-06 9.976690498255289530e-01
1.042360673976401061e-06 9.976312265201471297e-01
1.059314763518370023e-06 9.975927909534476612e-01
1.076544612842315852e-06 9.975537332629499376e-01
1.094054707205743622e-06 9.975140434288901625e-01
1.111849604819269788e-06 9.974737112717652066e-01
1.129933938033221742e-06 9.974327264498391576e-01
1.148312414543511196e-06 9.973910784566135668e-01
1.166989818617147488e-06 9.973487566182596131e-01
1.185971012337670574e-06 9.973057500910122997e-01
1.205260936870841443e-06 9.972620478585245696e-01
1.224864613750930682e-06 9.972176387291853406e-01
1.244787146187906095e-06 9.971725113333946844e-01
1.265033720395903716e-06 9.971266541208010370e-01
1.285609606943296477e-06 9.970800553574962199e-01
1.306520162124719865e-06 9.970327031231706050e-01
1.327770829355428974e-06 9.969845853082247578e-01
1.349367140588306489e-06 9.969356896108414468e-01
1.371314717753945535e-06 9.968860035340112447e-01
1.393619274224143468e-06 9.968355143825180509e-01
1.416286616299197281e-06 9.967842092598789838e-01
1.439322644719406585e-06 9.967320750652401973e-01
1.462733356201129952e-06 9.966790984902276218e-01
1.486524844997857111e-06 9.966252660157517429e-01
1.510703304486655702e-06 9.965705639087674150e-01
1.535275028780421201e-06 9.965149782189857142e-01
1.560246414366371105e-06 9.964584947755388278e-01
1.585623961771137209e-06 9.964010991835975384e-01
1.611414277253019916e-06 9.963427768209403013e-01
1.637624074521688946e-06 9.962835128344719182e-01
1.664260176485901778e-06 9.962232921366951377e-01
1.691329517029650428e-06 9.961620994021297415e-01
1.718839142817145670e-06 9.960999190636820044e-01
1.746796215127245610e-06 9.960367353089627507e-01
1.775208011717636075e-06 9.959725320765534518e-01
1.804081928719380951e-06 9.959072930522201439e-01
1.833425482562292654e-06 9.958410016650726115e-01
1.863246311931559818e-06 9.957736410836723895e-01
1.893552179756295206e-06 9.957051942120844767e-01
1.924350975230332279e-06 9.956356436858747605e-01
1.955650715865946999e-06 9.955649718680528171e-01
1.987459549580985976e-06 9.954931608449570923e-01
2.019785756819878467e-06 9.954201924220841269e-01
2.052637752709252226e-06 9.953460481198616039e-01
2.086024089248504694e-06 9.952707091693604458e-01
2.119953457536069015e-06 9.951941565079527319e-01
2.154434690031886471e-06 9.951163707749064447e-01
2.189476762856620668e-06 9.950373323069228171e-01
2.225088798128369440e-06 9.949570211336137282e-01
2.261280066337279372e-06 9.948754169729159269e-01
2.298059988758848964e-06 9.947924992264471911e-01
2.335438139906481616e-06 9.947082469747962064e-01
2.373424250023866098e-06 9.946226389727547135e-01
2.412028207618006978e-06 9.945356536444822648e-01
2.451260062033339965e-06 9.944472690786092528e-01
2.491130026067785964e-06 9.943574630232758782e-01
2.531648478631357950e-06 9.942662128811047273e-01
2.572825967447932223e-06 9.941734957041091780e-01
2.614673211801092052e-06 9.940792881885356369e-01
2.657201105324506616e-06 9.939835666696379413e-01
2.700420718837769789e-06 9.938863071163868135e-01
2.744343303228368328e-06 9.937874851261092601e-01
2.788980292380439744e-06 9.936870759190629121e-01
2.834343306151309184e-06 9.935850543329372009e-01
2.880444153396297871e-06 9.934813948172904752e-01
2.927294835042813193e-06 9.933760714279133985e-01
2.974907547214443381e-06 9.932690578211238464e-01
3.023294684405776334e-06 9.931603272479919697e-01
3.072468842709003493e-06 9.930498525484920957e-01
3.122442823092858074e-06 9.929376061455847946e-01
3.173229634734973124e-06 9.928235600392264493e-01
3.224842498408445454e-06 9.927076858003062165e-01
3.277294849923382168e-06 9.925899545645102684e-01
3.330600343624588548e-06 9.924703370261128699e-01
3.384772855945982993e-06 9.923488034316945150e-01
3.439826489022921063e-06 9.922253235737847898e-01
3.495775574363278632e-06 9.920998667844326269e-01
3.552634676578139464e-06 9.919724019287007311e-01
3.610418597173337456e-06 9.918428973980858432e-01
3.669142378402493899e-06 9.917113211038639520e-01
3.728821307182830034e-06 9.915776404703600111e-01
3.789470919074671417e-06 9.914418224281416059e-01
3.851107002325569028e-06 9.913038334071380131e-01
3.913745601980383925e-06 9.911636393296823222e-01
3.977403024058036353e-06 9.910212056034785055e-01
4.042095839796302090e-06 9.908764971144911060e-01
4.107840889965650877e-06 9.907294782197596517e-01
4.174655289253134888e-06 9.905801127401376860e-01
4.242556430717776958e-06 9.904283639529523064e-01
4.311561990318228494e-06 9.902741945845925375e-01
4.381689931514185333e-06 9.901175668030157695e-01
4.452958509942660131e-06 9.899584422101835868e-01
4.525386278170166693e-06 9.897967818344181046e-01
4.598992090522438309e-06 9.896325461226839204e-01
4.673795107992463609e-06 9.894656949327943485e-01
4.749814803228495024e-06 9.892961875255436022e-01
4.827070965603187770e-06 9.891239825567618160e-01
4.905583706365045857e-06 9.889490380692981253e-01
4.985373463873893773e-06 9.887713114849276952e-01
5.066461008921268308e-06 9.885907595961869188e-01
5.148867450137487247e-06 9.884073385581342297e-01
5.232614239486667200e-06 9.882210038800397500e-01
5.317723177850966182e-06 9.880317104170018849e-01
5.404216420705915271e-06 9.878394123614933076e-01
5.492116483887788865e-06 9.876440632348383319e-01
5.581446249454954941e-06 9.874456158786185656e-01
5.672228971644549552e-06 9.872440224460109492e-01
5.764488282925873171e-06 9.870392343930595169e-01
5.858248200152535830e-06 9.868312024698779883e-01
5.953533130814370033e-06 9.866198767117911883e-01
6.050367879391212089e-06 9.864052064304082990e-01
6.148777653810029084e-06 9.861871402046353818e-01
6.248788072006888211e-06 9.859656258716277266e-01
6.350425168595962254e-06 9.857406105176796940e-01
6.453715401646702034e-06 9.855120404690583813e-01
6.558685659571422142e-06 9.852798612827793345e-01
6.665363268124920326e-06 9.850440177373289696e-01
6.773775997517744987e-06 9.848044538233324818e-01
6.883952069645496021e-06 9.845611127341712399e-01
6.995920165435374508e-06 9.843139368565515523e-01
7.109709432312424079e-06 9.840628677610273600e-01
7.225349491787221566e-06 9.838078461924758544e-01
7.342870447166757580e-06 9.835488120605347939e-01
7.462302891391107415e-06 9.832857044299966320e-01
7.583677914997190766e-06 9.830184615111691171e-01
7.707027114212287592e-06 9.827470206501994765e-01
7.832382599179204906e-06 9.824713183193684030e-01
7.959777002314978321e-06 9.821912901073561741e-01
8.089243486805938269e-06 9.819068707094836812e-01
8.220815755240541055e-06 9.816179939179312530e-01
8.354528058382854806e-06 9.813245926119418261e-01
8.490415204088755231e-06 9.810265987480054628e-01
8.628512566366886081e-06 9.807239433500395398e-01
8.768856094587426870e-06 9.804165564995546145e-01
8.911482322840200959e-06 9.801043673258256206e-01
9.056428379445293633e-06 9.797873039960590669e-01
9.203731996618229962e-06 9.794652937055693398e-01
9.353431520292377225e-06 9.791382626679661083e-01
9.505565920101190930e-06 9.788061361053552734e-01
9.660174799522645609e-06 9.784688382385641203e-01
9.817298406188840434e-06 9.781262922773890089e-01
9.976977642363212323e-06 9.777784204108779242e-01
1.013925407558814327e-05 9.774251437976478885e-01
1.030416994950587402e-05 9.770663825562448945e-01
1.047176819485520245e-05 9.767020557555563531e-01
1.064209244064724650e-05 9.763320814052744989e-01
1.081518702552289214e-05 9.759563764464243008e-01
1.099109700929496075e-05 9.755748567419592066e-01
1.116986818467822625e-05 9.751874370674319392e-01
1.135154708920999101e-05 9.747940311017487813e-01
1.153618101736478473e-05 9.743945514180132328e-01
1.172381803286599682e-05 9.739889094744685893e-01
1.191450698119774729e-05 9.735770156055446600e-01
1.210829750232039467e-05 9.731587790130193927e-01
1.230524004359261647e-05 9.727341077573041783e-01
1.250538587290391306e-05 9.723029087488580524e-01
1.270878709202059429e-05 9.718650877397441157e-01
1.291549665014882683e-05 9.714205493153350579e-01
1.312556835771842841e-05 9.709691968861764444e-01
1.333905690039058705e-05 9.705109326800228642e-01
1.355601785329368979e-05 9.700456577340482722e-01
1.377650769549055046e-05 9.695732718872512867e-01
1.400058382468096031e-05 9.690936737730575512e-01
1.422830457214351858e-05 9.686067608121357031e-01
1.445972921792019565e-05 9.681124292054361646e-01
1.469491800624817218e-05 9.676105739274649675e-01
1.493393216124253386e-05 9.671010887198054906e-01
1.517683390283403825e-05 9.665838660848982133e-01
1.542368646296627532e-05 9.660587972800944723e-01
1.567455410205594862e-05 9.655257723119959890e-01
1.592950212572123044e-05 9.649846799310916046e-01
1.618859690178199096e-05 9.644354076267094289e-01
1.645190587753660725e-05 9.638778416222936185e-01
1.671949759731991612e-05 9.633118668710252130e-01
1.699144172034626135e-05 9.627373670517989090e-01
1.726780903884356100e-05 9.621542245655698711e-01
1.754867149648151891e-05 9.615623205320906752e-01
1.783410220710006182e-05 9.609615347870523738e-01
1.812417547374239337e-05 9.603517458796412276e-01
1.841896680799710997e-05 9.597328310705389720e-01
1.871855294965579252e-05 9.591046663303711695e-01
1.902301188668945850e-05 9.584671263386311812e-01
1.933242287555043403e-05 9.578200844830920824e-01
1.964686646180448403e-05 9.571634128597265034e-01
1.996642450109793374e-05 9.564969822731550497e-01
2.029118018046678154e-05 9.558206622376378414e-01
2.062121803999144521e-05 9.551343209786342658e-01
2.095662399480430758e-05 9.544378254349457080e-01
2.129748535745523187e-05 9.537310412614655730e-01
2.164389086064020347e-05 9.530138328325552521e-01
2.199593068030074845e-05 9.522860632460662389e-01
2.235369645909796436e-05 9.515475943280325977e-01
2.271728133026902697e-05 9.507982866380535469e-01
2.308677994187171946e-05 9.500379994753886947e-01
2.346228848142262524e-05 9.492665908857882417e-01
2.384390470093720405e-05 9.484839176690815776e-01
2.423172794237600676e-05 9.476898353875485848e-01
2.462585916350544169e-05 9.468841983750938551e-01
2.502640096417921810e-05 9.460668597472514652e-01
2.543345761304648090e-05 9.452376714120434009e-01
2.584713507469563873e-05 9.443964840817136164e-01
2.626754103723838489e-05 9.435431472853679224e-01
2.669478494034318111e-05 9.426775093825392471e-01
2.712897800372469909e-05 9.417994175777076871e-01
2.757023325609582679e-05 9.409087179357993325e-01
2.801866556459195316e-05 9.400052553986907311e-01
2.847439166467247799e-05 9.390888738027437510e-01
2.893753019050947418e-05 9.381594158973992625e-01
2.940820170587066820e-05 9.372167233648545093e-01
2.988652873550382686e-05 9.362606368408535884e-01
3.037263579703311443e-05 9.352909959366125792e-01
3.086664943337274645e-05 9.343076392619142911e-01
3.136869824566873116e-05 9.333104044493938378e-01
3.187891292677648815e-05 9.322991281800429020e-01
3.239742629528195378e-05 9.312736462099640011e-01
3.292437333007768632e-05 9.302337933983981788e-01
3.345989120549975091e-05 9.291794037370546544e-01
3.400411932703702948e-05 9.281103103807718524e-01
3.455719936762143251e-05 9.270263456795326817e-01
3.511927530450727994e-05 9.259273412118679270e-01
3.569049345675229896e-05 9.248131278196664029e-01
3.627100252330647985e-05 9.236835356444288436e-01
3.686095362172154264e-05 9.225383941649820674e-01
3.746050032748996612e-05 9.213775322366871690e-01
3.806979871402284228e-05 9.202007781321667190e-01
3.868900739327975645e-05 9.190079595835722870e-01
3.931828755705769966e-05 9.177989038264243726e-01
3.995780301895265397e-05 9.165734376450456189e-01
4.060772025700369657e-05 9.153313874196111755e-01
4.126820845702951608e-05 9.140725791748468554e-01
4.193943955667186254e-05 9.127968386303866311e-01
4.262158829015324943e-05 9.115039912528259958e-01
4.331483223376393757e-05 9.101938623094830705e-01
4.401935185208879207e-05 9.088662769238933237e-01
4.473533054498463085e-05 9.075210601330586657e-01
4.546295469532399562e-05 9.061580369464671270e-01
4.620241371751313139e-05 9.047770324069072112e-01
4.695390010680053220e-05 9.033778716530903585e-01
4.771760948938750521e-05 9.019603799840985037e-01
4.849374067335233355e-05 9.005243829256758259e-01
4.928249570040513461e-05 8.990697062983733501e-01
5.008407989848212116e-05 8.975961762875660499e-01
5.089870193519674814e-05 8.961036195153471162e-01
5.172657387216024049e-05 8.945918631143142674e-01
5.256791122018419400e-05 8.930607348032572057e-01
5.342293299538352475e-05 8.915100629647475516e-01
5.429186177618943007e-05 8.899396767246443574e-01
5.517492376129117199e-05 8.883494060335137554e-01
5.607234882852038467e-05 8.867390817499638533e-01
5.698437059469136365e-05 8.851085357259010911e-01
5.791122647641758420e-05 8.834576008936961822e-01
5.885315775191450485e-05 8.817861113552649677e-01
5.981040962380931695e-05 8.800939024730520810e-01
6.078323128297236501e-05 8.783808109629083205e-01
6.177187597338488134e-05 8.766466749888566223e-01
6.277660105806499695e-05 8.748913342597246512e-01
6.379766808606282991e-05 8.731146301276347943e-01
6.483534286054713498e-05 8.713164056883313524e-01
6.588989550799956058e-05 8.694965058833196148e-01
6.696160054853215278e-05 8.676547776038011639e-01
6.805073696735206717e-05 8.657910697963668856e-01
6.915758828738525219e-05 8.639052335704301422e-01
7.028244264308337646e-05 8.619971223073579214e-01
7.142559285543133394e-05 8.600665917712686515e-01
7.258733650817245705e-05 8.581135002214566043e-01
7.376797602527730984e-05 8.561377085263981446e-01
7.496781874966877322e-05 8.541390802792998560e-01
7.618717702322983626e-05 8.521174819151320357e-01
7.742636826811278249e-05 8.500727828290995935e-01
7.868571506936843291e-05 8.480048554964960683e-01
7.996554525892345903e-05 8.459135755938732570e-01
8.126619200091945365e-05 8.437988221214731688e-01
8.258799387844254533e-05 8.416604775268469174e-01
8.393129498166373591e-05 8.394984278295933855e-01
8.529644499741016815e-05 8.373125627471468269e-01
8.668379930019773523e-05 8.351027758215239238e-01
8.809371904473991286e-05 8.328689645469622427e-01
8.952657125996382206e-05 8.306110304983534975e-01
9.098272894455568119e-05 8.283288794603835825e-01
9.246257116405733111e-05 8.260224215572933293e-01
9.396648314954690162e-05 8.236915713831474140e-01
9.549485639791966557e-05 8.213362481325249265e-01
9.704808877380307014e-05 8.189563757315165837e-01
9.862658461312830713e-05 8.165518829689213387e-01
1.002307548283864352e-04 8.141227036275304751e-01
1.018610170155975281e-04 8.116687766153795058e-01
1.035177955630176228e-04 8.091900460968506348e-01
1.052015217616159118e-04 8.066864616234962204e-01
1.069126339173477141e-04 8.041579782644588947e-01
1.086515774652537295e-04 8.016045567363544455e-01
1.104188050854160164e-04 7.990261635324811262e-01
1.122147768207980290e-04 7.964227710512205016e-01
1.140399601970033122e-04 7.937943577234815029e-01
1.158948303439811801e-04 7.911409081390474718e-01
1.177798701197118084e-04 7.884624131716755358e-01
1.196955702359042841e-04 7.857588701027934386e-01
1.216424293857368039e-04 7.830302827436493862e-01
1.236209543736769146e-04 7.802766615557454877e-01
1.256316602474121533e-04 7.774980237694031349e-01
1.276750704319264313e-04 7.746943935002981174e-01
1.297517168657586742e-04 7.718658018637968299e-01
1.318621401394748458e-04 7.690122870869351424e-01
1.340068896363950598e-04 7.661338946178641862e-01
1.361865236756082756e-04 7.632306772326009625e-01
1.384016096573130147e-04 7.603026951389101340e-01
1.406527242105236439e-04 7.573500160771433620e-01
1.429404533431761061e-04 7.543727154178733185e-01
1.452653925946781202e-04 7.513708762561382981e-01
1.476281471909391145e-04 7.483445895021326733e-01
1.500293322019216613e-04 7.452939539681684433e-01
1.524695727017572945e-04 7.422190764517339057e-01
1.549495039314631646e-04 7.391200718144836923e-01
1.574697714643086743e-04 7.359970630569813155e-01
1.600310313738701764e-04 7.328501813890325733e-01
1.626339504048190531e-04 7.296795662954389527e-01
1.652792061464893926e-04 7.264853655970044954e-01
1.679674872092653225e-04 7.232677355066385871e-01
1.706994934038408014e-04 7.200268406803871368e-01
1.734759359233932583e-04 7.167628542632389355e-01
1.762975375287203833e-04 7.134759579295547605e-01
1.791650327363899435e-04 7.101663419179632397e-01
1.820791680099462359e-04 7.068342050605852522e-01
1.850407019542302061e-04 7.034797548064390948e-01
1.880504055128583358e-04 7.001032072388921890e-01
1.911090621689135881e-04 6.967047870870283210e-01
1.942174681489024571e-04 6.932847277308025191e-01
1.973764326300255292e-04 6.898432711998692124e-01
2.005867779508234102e-04 6.863806681659605502e-01
2.038493398252464264e-04 6.828971779287176247e-01
2.071649675602066755e-04 6.793930683948692373e-01
2.105345242766704040e-04 6.758686160506645058e-01
2.139588871343421563e-04 6.723241059274817077e-01
2.174389475600079977e-04 6.687598315605262078e-01
2.209756114795903147e-04 6.651760949405567391e-01
2.245697995539771826e-04 6.615732064585772010e-01
2.282224474186896198e-04 6.579514848434386831e-01
2.319345059274427543e-04 6.543112570923205196e-01
2.357069413996727843e-04 6.506528583940441868e-01
2.395407358720879286e-04 6.469766320452072783e-01
2.434368873543112913e-04 6.432829293591183495e-01
2.473964100886811538e-04 6.395721095675339640e-01
2.514203348142796828e-04 6.358445397152000522e-01
2.555097090352507149e-04 6.321005945472218945e-01
2.596655972934872546e-04 6.283406563892826036e-01
2.638890814457513006e-04 6.245651150207571778e-01
2.681812609453012686e-04 6.207743675407647599e-01
2.725432531281027707e-04 6.169688182272239363e-01
2.769761935036891046e-04 6.131488783889824656e-01
2.814812360507581339e-04 6.093149662111010390e-01
2.860595535175745148e-04 6.054675065933866618e-01
2.907123377272575549e-04 6.016069309822794642e-01
2.954407998880379709e-04 5.977336771962061812e-01
3.002461709085549389e-04 5.938481892445330868e-01
3.051297017182870593e-04 5.899509171402443908e-01
3.100926635931929671e-04 5.860423167065030858e-01
3.151363484866476195e-04 5.821228493772472312e-01
3.202620693657650080e-04 5.781929819919888747e-01
3.254711605531848163e-04 5.742531865850005746e-01
3.307649780744242331e-04 5.703039401690674914e-01
3.361449000108768324e-04 5.663457245140102181e-01
3.416123268585525207e-04 5.623790259201826292e-01
3.471686818926559680e-04 5.584043349871591344e-01
3.528154115380883050e-04 5.544221463778404857e-01
3.585539857459817017e-04 5.504329585782047340e-01
3.643858983763548090e-04 5.464372736529483632e-01
3.703126675869923340e-04 5.424355969972659564e-01
3.763358362286532656e-04 5.384284370850180856e-01
3.824569722466999088e-04 5.344163052135608716e-01
3.886776690892667719e-04 5.303997152454924535e-01
3.949995461220647160e-04 5.263791833475981452e-01
4.014242490499317709e-04 5.223552277272736077e-01
4.079534503452448896e-04 5.183283683667027075e-01
4.145888496832911426e-04 5.142991267550918177e-01
4.213321743847288901e-04 5.102680256192361208e-01
4.281851798652415507e-04 5.062355886527253324e-01
4.351496500925045312e-04 5.022023402440806139e-01
4.422273980505897289e-04 4.981688052041225445e-01
4.494202662119142376e-04 4.941355084928754637e-01
4.567301270168746923e-04 4.901029749463027829e-01
4.641588833612782196e-04 4.860717290031824067e-01
4.717084690917012373e-04 4.820422944324195824e-01
4.793808495089107069e-04 4.780151940611001571e-01
4.871780218794630885e-04 4.739909495035862230e-01
4.951020159556351191e-04 4.699700808919463069e-01
5.031548945038056761e-04 4.659531066080204176e-01
5.113387538414320560e-04 4.619405430174101657e-01
5.196557243827657369e-04 4.579329042056801691e-01
5.281079711934330654e-04 4.539307017170627345e-01
5.366976945540475642e-04 4.499344442959347101e-01
5.454271305329836403e-04 4.459446376313488947e-01
5.542985515684662997e-04 4.419617841048875673e-01
5.633142670601351629e-04 4.379863825420950429e-01
5.724766239702178735e-04 4.340189279677569290e-01
5.817880074344935256e-04 4.300599113652612826e-01
5.912508413831881436e-04 4.261098194402927475e-01
6.008675891719680948e-04 4.221691343890903170e-01
6.106407542232036075e-04 4.182383336714913247e-01
6.205728806776500623e-04 4.143178897889850387e-01
6.306665540567405869e-04 4.104082700679759221e-01
6.409244019356456464e-04 4.065099364484595079e-01
6.513490946272796050e-04 4.026233452782991273e-01
6.619433458774387925e-04 3.987489471132796282e-01
6.727099135712337041e-04 3.948871865231151634e-01
6.836516004510238267e-04 3.910385019035578780e-01
6.947712548460240100e-04 3.872033252947659210e-01
7.060717714137765624e-04 3.833820822060641231e-01
7.175560918936921447e-04 3.795751914472227928e-01
7.292272058728313045e-04 3.757830649663776446e-01
7.410881515641569396e-04 3.720061076946871159e-01
7.531420165974375561e-04 3.682447173978278809e-01
7.653919388230155619e-04 3.644992845344098842e-01
7.778411071286482192e-04 3.607701921213840035e-01
7.904927622696419996e-04 3.570578156064999065e-01
8.033501977124734390e-04 3.533625227478742747e-01
8.164167604921471590e-04 3.496846735006976514e-01
8.296958520834915238e-04 3.460246199111163268e-01
8.431909292866251451e-04 3.423827060173067482e-01
8.569055051268347108e-04 3.387592677577471734e-01
8.708431497690724121e-04 3.351546328866906177e-01
8.850074914473439122e-04 3.315691208968201686e-01
8.994022174092053228e-04 3.280030429490684019e-01
9.140310748756222403e-04 3.244567018095687039e-01
9.288978720164497516e-04 3.209303917936943140e-01
9.440064789417603299e-04 3.174243987171420089e-01
9.593608287093146345e-04 3.139389998539908189e-01
9.749649183484096178e-04 3.104744639016762675e-01
9.908228099003786767e-04 3.070310509528008103e-01
1.006938631476027041e-03 3.036090124736932072e-01
1.023316578330244831e-03 3.002085912896336195e-01
1.039960913954120214e-03 2.968300215766341288e-01
1.056875971184804974e-03 2.934735288596762026e-01
1.074066153333432362e-03 2.901393300172898093e-01
1.091535935331391146e-03 2.868276332923525018e-01
1.109289864895222780e-03 2.835386383089890106e-01
1.127332563710487130e-03 2.802725360954332334e-01
1.145668728634872567e-03 2.770295091127220055e-01
1.164303132920875691e-03 2.738097312890768187e-01
1.183240627458377906e-03 2.706133680598277746e-01
1.202486142037412220e-03 2.674405764127336660e-01
1.222044686631488684e-03 2.642915049385389792e-01
1.241921352701784659e-03 2.611662938866146089e-01
1.262121314522546191e-03 2.580650752255221336e-01
1.282649830528059809e-03 2.549879727083358416e-01
1.303512244681508938e-03 2.519351019425628557e-01
1.324713987866117399e-03 2.489065704644875254e-01
1.346260579298911089e-03 2.459024778177757997e-01
1.368157627967470612e-03 2.429229156361683850e-01
1.390410834090069709e-03 2.399679677300884384e-01
1.413025990599533653e-03 2.370377101769980399e-01
1.436008984651260603e-03 2.341322114153235046e-01
1.459365799155757639e-03 2.312515323417817237e-01
1.483102514336102819e-03 2.283957264119344799e-01
1.507225309310755452e-03 2.255648397437958197e-01
1.531740463702079740e-03 2.227589112243267000e-01
1.556654359271062099e-03 2.199779726186403828e-01
1.581973481578601405e-03 2.172220486817535712e-01
1.607704421673822109e-03 2.144911572727145610e-01
1.633853877809860388e-03 2.117853094709403194e-01
1.660428657187529473e-03 2.091045096946043680e-01
1.687435677727375672e-03 2.064487558209051887e-01
1.714881969870540998e-03 2.038180393080620267e-01
1.742774678408917253e-03 2.012123453188784383e-01
1.771121064345086834e-03 1.986316528457170716e-01
1.799928506782476562e-03 1.960759348367397958e-01
1.829204504846293749e-03 1.935451583232566941e-01
1.858956679635688372e-03 1.910392845480436974e-01
1.889192776207664374e-03 1.885582690944846151e-01
1.919920665593282836e-03 1.861020620163963135e-01
1.951148346846616304e-03 1.836706079684066184e-01
1.982883949127071596e-03 1.812638463367455544e-01
2.015135733815558595e-03 1.788817113703268236e-01
2.047912096665083313e-03 1.765241323119917383e-01
2.081221569986337061e-03 1.741910335297939538e-01
2.115072824868794756e-03 1.718823346482110936e-01
2.149474673437980470e-03 1.695979506791640834e-01
2.184436071149428466e-03 1.673377921527385292e-01
2.219966119119952484e-03 1.651017652475005315e-01
2.256074066496859074e-03 1.628897719203041550e-01
2.292769312865648810e-03 1.607017100354954098e-01
2.330061410696924844e-03 1.585374734934142382e-01
2.367960067833078681e-03 1.563969523581074383e-01
2.406475150015421893e-03 1.542800329841645945e-01
2.445616683452444227e-03 1.521865981425941927e-01
2.485394857429798314e-03 1.501165271456638139e-01
2.525820026962784671e-03 1.480696959706250815e-01
2.566902715491951956e-03 1.460459773822561647e-01
2.608653617622550599e-03 1.440452410541524231e-01
2.651083601908536293e-03 1.420673536887025745e-01
2.694203713681882304e-03 1.401121791356883806e-01
2.738025177927857611e-03 1.381795785094557527e-01
2.782559402207125665e-03 1.362694103045985206e-01
2.827817979625344216e-03 1.343815305101102864e-01
2.873812691851063313e-03 1.325157927219558218e-01
2.920555512182745027e-03 1.306720482540192352e-01
2.968058608665602276e-03 1.288501462473923553e-01
3.016334347259197381e-03 1.270499337779624205e-01
3.065395295056529829e-03 1.252712559622696509e-01
3.115254223555484914e-03 1.235139560616032445e-01
3.165924111983520629e-03 1.217778755843076655e-01
3.217418150676371654e-03 1.200628543862777009e-01
3.269749744511767954e-03 1.183687307696172086e-01
3.322932516398975026e-03 1.166953415794451387e-01
3.376980310825087803e-03 1.150425222988322588e-01
3.431907197459042706e-03 1.134101071418530116e-01
3.487727474814177487e-03 1.117979291447452894e-01
3.544455673970435625e-03 1.102058202551642468e-01
3.602106562357073553e-03 1.086336114195272651e-01
3.660695147596898513e-03 1.070811326684441012e-01
3.720236681413065759e-03 1.055482132002291823e-01
3.780746663599349276e-03 1.040346814624987098e-01
3.842240846055060884e-03 1.025403652318498948e-01
3.904735236885564006e-03 1.010650916916291525e-01
3.968246104569478003e-03 9.960868750779319769e-02
4.032789982193705006e-03 9.817097890286918815e-02
4.098383671757261509e-03 9.675179172802501892e-02
4.165044248545184992e-03 9.535095153325644224e-02
4.232789065573553354e-03 9.396828363570480791e-02
4.301635758106790719e-03 9.260361318611788628e-02
4.371602248248502090e-03 9.125676523346655522e-02
4.442706749606882902e-03 8.992756478773578088e-02
4.514967772036101654e-03 8.861583688090265976e-02
4.588404126454761513e-03 8.732140662612201953e-02
4.663034929742726313e-03 8.604409927513703704e-02
4.738879609717651029e-03 8.478374027393398293e-02
4.815957910192351227e-03 8.354015531666379724e-02
4.894289896114531989e-03 8.231317039784864786e-02
4.973895958790068052e-03 8.110261186289799418e-02
5.054796821191235093e-03 7.990830645695601309e-02
5.137013543351338918e-03 7.873008137210311952e-02
5.220567527846975073e-03 7.756776429293799069e-02
5.305480525369573805e-03 7.642118344056127166e-02
5.391774640387505396e-03 7.529016761498857901e-02
5.479472336900281099e-03 7.417454623601742181e-02
5.568596444286409188e-03 7.307414938257308923e-02
5.659170163246242738e-03 7.198880783056188504e-02
5.751217071841613696e-03 7.091835308925535653e-02
5.844761131633637551e-03 6.986261743623436993e-02
5.939826693920350481e-03 6.882143395091924742e-02
6.036438506075864248e-03 6.779463654671247230e-02
6.134621717992506419e-03 6.678206000178309176e-02
6.234401888627863660e-03 6.578353998851760309e-02
6.335804992658253774e-03 6.479891310166671636e-02
6.438857427240412407e-03 6.382801688521463901e-02
6.543586018883228855e-03 6.287068985799793008e-02
6.650018030431118291e-03 6.192677153810288715e-02
6.758181168161110294e-03 6.099610246606660541e-02
6.868103588995307790e-03 6.007852422691060262e-02
6.979813907830653176e-03 5.917387947103375234e-02
7.093341204987989659e-03 5.828201193399070584e-02
7.208715033782135163e-03 5.740276645518458537e-02
7.325965428215230023e-03 5.653598899549816537e-02
7.445122910795143496e-03 5.568152665389195649e-02
7.566218500481047653e-03 5.483922768299449857e-02
7.689283720758305352e-03 5.400894150371078617e-02
7.814350607844541483e-03 5.319051871887579136e-02
7.941451719029339953e-03 5.238381112597673139e-02
8.070620141149507584e-03 5.158867172897078218e-02
8.201889499202211220e-03 5.080495474922246818e-02
8.335293965098187693e-03 5.003251563558566706e-02
8.470868266557402340e-03 4.927121107365383529e-02
8.608647696149244674e-03 4.852089899420399671e-02
8.748668120479913615e-03 4.778143858085603241e-02
8.890965989529167612e-03 4.705269027697215473e-02
9.035578346138920316e-03 4.633451579181897817e-02
9.182542835656282154e-03 4.562677810601421802e-02
9.331897715733238757e-03 4.492934147628174779e-02
9.483681866285927423e-03 4.424207143953495097e-02
9.637934799615796230e-03 4.356483481631118204e-02
9.794696670695384952e-03 4.289749971357805641e-02
9.954008287621518916e-03 4.223993552693171977e-02
1.011591112223829761e-02 4.159201294220890577e-02
1.028044732093309765e-02 4.095360393653077469e-02
1.044765971560805175e-02 4.032458177879959249e-02
1.061759183482999074e-02 3.970482102966679111e-02
1.079028791516183604e-02 3.909419754099101307e-02
1.096579291267809828e-02 3.849258845480545144e-02
1.114415251466788215e-02 3.789987220181113836e-02
1.132541315152812630e-02 3.731592849941491041e-02
1.150962200885031171e-02 3.674063834932880801e-02
1.169682703970384603e-02 3.617388403474749992e-02
1.188707697711903315e-02 3.561554911712121879e-02
1.208042134677328981e-02 3.506551843253891826e-02
1.227691047988360359e-02 3.452367808773834645e-02
1.247659552630868418e-02 3.398991545575812123e-02
1.267952846786433996e-02 3.346411917124634400e-02
1.288576213185517981e-02 3.294617912544146182e-02
1.309535020482667685e-02 3.243598646083813847e-02
1.330834724654075991e-02 3.193343356555319867e-02
1.352480870417874063e-02 3.143841406740462141e-02
1.374479092677536630e-02 3.095082282771670010e-02
1.396835117988739702e-02 3.047055593486484512e-02
1.419554766050101606e-02 2.999751069757155414e-02
1.442643951218158804e-02 2.953158563796640101e-02
1.466108684046982941e-02 2.907268048442169378e-02
1.489955072852853710e-02 2.862069616417497325e-02
1.514189325304352018e-02 2.817553479575037739e-02
1.538817750038346324e-02 2.773709968118850261e-02
1.563846758302247716e-02 2.730529529809634301e-02
1.589282865622976271e-02 2.688002729152707757e-02
1.615132693503089703e-02 2.646120246569947862e-02
1.641402971144466372e-02 2.604872877556734315e-02
1.668100537200059227e-02 2.564251531824722485e-02
1.695232341554121433e-02 2.524247232431439322e-02
1.722805447131392151e-02 2.484851114897541555e-02
1.750827031735723363e-02 2.446054426312577537e-02
1.779304389918577242e-02 2.407848524430139872e-02
1.808244934877951612e-02 2.370224876753115537e-02
1.837656200388172387e-02 2.333175059609872773e-02
1.867545842761074090e-02 2.296690757222117837e-02
1.897921642839099643e-02 2.260763760765106128e-02
1.928791508020777715e-02 2.225385967420994912e-02
1.960163474319185847e-02 2.190549379425897267e-02
1.992045708453871189e-02 2.156246103111381096e-02
2.024446509976801645e-02 2.122468347941001976e-02
2.057374313432911578e-02 2.089208425542466233e-02
2.090837690555749986e-02 2.056458748736067488e-02
2.124845352498882720e-02 2.024211830559882047e-02
2.159406152103567761e-02 1.992460283292326120e-02
2.194529086203311427e-02 1.961196817472584536e-02
2.230223297965936227e-02 1.930414240919384530e-02
2.266498079273692942e-02 1.900105457748674925e-02
2.303362873142131284e-02 1.870263467390589560e-02
2.340827276178294308e-02 1.840881363606200818e-02
2.378901041078890916e-02 1.811952333504488269e-02
2.417594079169128191e-02 1.783469656559902999e-02
2.456916462982790261e-02 1.755426703630993263e-02
2.496878428884326609e-02 1.727816935980395346e-02
2.537490379733571555e-02 1.700633904296604965e-02
2.578762887593803732e-02 1.673871247717872990e-02
2.620706696483849837e-02 1.647522692858550963e-02
2.663332725174980681e-02 1.621582052838200019e-02
2.706652070033241375e-02 1.596043226313816066e-02
2.750676007908067419e-02 1.570900196515398126e-02
2.795415999067859397e-02 1.546147030285190821e-02
2.840883690183301086e-02 1.521777877120851323e-02
2.887090917359234551e-02 1.497786968222782587e-02
2.934049709215787172e-02 1.474168615545915981e-02
2.981772290019673449e-02 1.450917210856121804e-02
3.030271082866399512e-02 1.428027224791504970e-02
3.079558712914223437e-02 1.405493205928782206e-02
3.129648010670750546e-02 1.383309779854927611e-02
3.180552015332920035e-02 1.361471648244310523e-02
3.232283978181380718e-02 1.339973587941450592e-02
3.284857366030047299e-02 1.318810450049597537e-02
3.338285864731757591e-02 1.297977159025283898e-02
3.392583382740992082e-02 1.277468711778978125e-02
3.447764054734463873e-02 1.257280176782028108e-02
3.503842245290676033e-02 1.237406693179965086e-02
3.560832552629281805e-02 1.217843469912336871e-02
3.618749812411276717e-02 1.198585784839167542e-02
3.677609101601030800e-02 1.179628983874143194e-02
3.737425742391064371e-02 1.160968480124658503e-02
3.798215306190736579e-02 1.142599753038766285e-02
3.859993617679770977e-02 1.124518347559158062e-02
3.922776758927715157e-02 1.106719873284234788e-02
3.986581073580438422e-02 1.089200003636336782e-02
4.051423171114647281e-02 1.071954475037228613e-02
4.117319931161678853e-02 1.054979086090855264e-02
4.184288507901584575e-02 1.038269696773458373e-02
4.252346334528677579e-02 1.021822227631090374e-02
4.321511127789762208e-02 1.005632658984558815e-02
4.391800892596085804e-02 9.896970301418726509e-03
4.463233926710397093e-02 9.740114386181797715e-03
4.535828825510190843e-02 9.585720393632575151e-03
4.609604486828429437e-02 9.433750439965688309e-03
4.684580115873045181e-02 9.284167200498950195e-03
4.760775230226368254e-02 9.136933902175879002e-03
4.838209664925956915e-02 8.992014316144164229e-03
4.916903577628031069e-02 8.849372750410415545e-03
4.996877453854878942e-02 8.708974042571144061e-03
5.078152112327670442e-02 8.570783552619897980e-03
5.160748710385907462e-02 8.434767155830765958e-03
5.244688749495118874e-02 8.300891235717838823e-03
5.329994080844092930e-02 8.169122677070794411e-03
5.416686911033146562e-02 8.039428859066376568e-03
5.504789807854967854e-02 7.911777648455539311e-03
5.594325706169377826e-02 7.786137392826324687e-03
5.685317913873753209e-02 7.662476913941898386e-03
5.777790117970506983e-02 7.540765501153800371e-03
5.871766390733249713e-02 7.420972904890021926e-03
5.967271195973310183e-02 7.303069330217577815e-03
6.064329395408061402e-02 7.187025430479473780e-03
6.162966255132942134e-02 7.072812301005464847e-03
6.263207452198692182e-02 6.960401472896457845e-03
6.365079081295564600e-02 6.849764906882124457e-03
6.468607661546320331e-02 6.740874987251292867e-03
6.573820143409585259e-02 6.633704515854884666e-03
6.680743915695615265e-02 6.528226706180748247e-03
6.789406812696112403e-02 6.424415177500138879e-03
6.899837121430010822e-02 6.322243949085319843e-03
7.012063589007176689e-02 6.221687434497807576e-03
7.126115430111745752e-02 6.122720435946929496e-03
7.242022334607314815e-02 6.025318138717992815e-03
7.359814475265770428e-02 5.929456105669732129e-03
7.479522515621812861e-02 5.835110271800500632e-03
7.601177617955322263e-02 5.742256938882599540e-03
7.724811451403400253e-02 5.650872770164422181e-03
7.850456200204508628e-02 5.560934785139634746e-03
7.978144572076628638e-02 5.472420354383024203e-03
8.107909806731677937e-02 5.385307194452432222e-03
8.239785684528511123e-02 5.299573362856136761e-03
8.373806535266489770e-02 5.215197253085302256e-03
8.510007247122246266e-02 5.132157589710723868e-03
8.648423275731725868e-02 5.050433423543427766e-03
8.789090653419963373e-02 4.970004126858524642e-03
8.932045998580959156e-02 4.890849388681740503e-03
9.077326525210223374e-02 4.812949210137964715e-03
9.224970052592174063e-02 4.736283899861421474e-03
9.375015015145289621e-02 4.660834069466633818e-03
9.527500472427299916e-02 4.586580629079768136e-03
9.682466119303113905e-02 4.513504782929700886e-03
9.839952296278225985e-02 4.441588024998166517e-03
1.000000000000000056e-01 4.370812134728541652e-03
